Variant_ID/Tag_ID	1	2	3	4	5	6	7	8	9	10	11	12	13
synCRE_Promega_0	2981	3124	7053	4380	4928	3714	4060	3850	4849	4214	1652	482	2852
synCRE_Promega_1	11064	4845	13150	2755	3162	6505	3876	2928	5864	1254	3586	3440	5516
synCRE_Promega_2	4643	3152	4572	5057	3536	7651	2447	2083	2802	3009	3838	1981	4593
synCRE_Promega_3	3379	2950	4961	5482	2726	2364	2795	3686	2032	4439	3185	6615	1181
synCRE_Promega_4	1101	4100	7682	6201	4444	4356	5158	5261	3999	2723	3715	4162	5289
scanmut_single_pos_0_A	1767	2437	1181	4132	806	1022	1976	2691	4337	7417	2360	6340	4142
scanmut_single_pos_0_C	1545	1919	1980	2378	1990	1252	4694	1244	1346	2008	662	689	1521
scanmut_single_pos_0_T	908	1247	951	563	1090	706	161	1325	2149	1101	33	1135	1215
scanmut_single_pos_1_A	2411	3589	2914	7938	2927	4011	6053	6440	4158	2143	2662	2297	5514
scanmut_single_pos_1_G	4684	2821	8785	2073	3685	4363	6586	8372	4606	1543	2283	4478	2106
scanmut_single_pos_2_C	2324	1281	2101	5064	1673	2055	2993	1432	3044	3544	2193	1887	3401
scanmut_single_pos_2_G	1956	6308	8089	4264	1583	9122	1525	2978	2314	7840	6385	5599	10980
scanmut_single_pos_2_T	4138	2627	2467	11332	1892	6471	4409	3533	2410	1025	2174	1559	2800
scanmut_single_pos_3_A	1058	3749	2748	6816	3030	3770	3989	5279	3066	5187	3716	4513	2471
scanmut_single_pos_3_G	3228	2550	1663	156	1679	3290	142	2987	2669	1727	1483	2683	2109
scanmut_single_pos_3_T	4255	4540	3357	4259	5145	5214	12210	6426	6046	2372	5313	5492	5925
scanmut_single_pos_4_A	3052	2385	910	873	7015	2645	1454	1404	3426	2093	1806	6250	1385
scanmut_single_pos_4_G	2875	6017	4561	8314	4634	4694	2146	2605	3943	5325	424	5002	3348
scanmut_single_pos_4_T	934	2412	1235	1616	4022	1341	2527	2937	3079	1775	6810	1680	6075
scanmut_single_pos_5_C	2164	5202	235	1566	4192	7292	4418	12332	843	1305	1906	1332	5559
scanmut_single_pos_5_G	1357	2392	0	458	1199	1519	711	2737	1475	2956	4264	1544	904
scanmut_single_pos_5_T	6718	2660	613	6194	2149	2147	1587	3166	4721	3590	1843	5386	2377
scanmut_single_pos_6_A	2696	3473	3885	4469	608	2358	7664	1259	3289	713	1650	4506	724
scanmut_single_pos_6_C	2066	2203	3396	2228	2328	2445	2808	1129	301	1380	1706	1455	3390
scanmut_single_pos_6_T	1674	2314	3067	3152	4261	2912	2065	2245	778	1360	1762	4123	3078
scanmut_single_pos_7_C	2287	704	366	753	1070	1917	906	1161	1621	1802	390	869	59
scanmut_single_pos_7_G	1255	834	1732	745	1708	1803	1871	1404	1000	1576	2038	2186	732
scanmut_single_pos_7_T	7867	392	1643	4032	1761	1461	705	1326	0	2693	5182	4348	2176
scanmut_single_pos_8_A	5215	2261	3024	2560	2578	4056	2470	1297	1508	1224	1898	10480	7269
scanmut_single_pos_8_G	4777	1861	2154	5501	2012	2061	3046	4092	2598	2859	5629	3954	873
scanmut_single_pos_8_T	3028	3167	3929	3133	3264	4132	2584	3755	7439	3394	2402	4093	3996
scanmut_single_pos_9_C	2462	3096	1182	4795	2375	4721	2531	3361	3124	4267	5920	6334	949
scanmut_single_pos_9_G	2436	3364	4542	1453	2177	2321	13776	2964	4131	5707	854	521	4550
scanmut_single_pos_9_T	1136	3407	4510	4111	3266	2986	5189	4494	5461	3022	4686	5082	3467
scanmut_single_pos_10_A	6694	8844	13487	4710	7149	9556	8380	8919	6374	7146	5843	11745	5045
scanmut_single_pos_10_C	7062	17054	6743	1182	7989	7159	5650	9073	6894	9189	6656	16987	11922
scanmut_single_pos_10_T	32878	5711	6063	4959	4797	7077	12400	7953	7757	9691	14255	10393	13701
scanmut_single_pos_11_A	6442	7756	5484	6580	5705	7282	3718	5010	5826	6473	8494	4189	2579
scanmut_single_pos_11_C	3454	3911	3268	2324	8957	4043	5959	3197	8686	3123	7519	3284	5086
scanmut_single_pos_11_G	2884	4080	7075	4722	1433	5265	2928	3296	2888	3062	8528	6546	4259
scanmut_single_pos_12_A	6589	2945	2595	9299	4380	4898	3308	6421	11123	5204	5552	4090	7906
scanmut_single_pos_12_C	5443	5372	6416	3384	8904	5775	6268	5705	3812	8226	6084	6814	4946
scanmut_single_pos_12_T	3935	3851	9759	6138	8816	4638	9210	9266	6162	5243	9315	3990	11058
scanmut_single_pos_13_C	386	1757	304	2585	303	1620	1331	978	664	616	1202	682	862
scanmut_single_pos_13_G	1576	2383	7303	1783	3002	2148	2720	4167	2354	3110	1827	1740	810
scanmut_single_pos_13_T	1679	2333	3185	4193	1703	4564	8979	99	3201	2059	4230	9547	6106
scanmut_single_pos_14_A	2061	754	2002	777	1614	702	1694	1432	1543	690	1215	724	977
scanmut_single_pos_14_G	863	4861	2748	5811	5535	2959	5068	7364	4832	4356	4150	6774	1532
scanmut_single_pos_14_T	3075	3104	6199	3794	2656	3071	8269	4204	3137	3475	3099	2981	4725
scanmut_single_pos_15_A	3796	3860	5321	2849	5234	1920	5364	2438	585	3774	754	2408	2564
scanmut_single_pos_15_C	2398	3539	3819	2255	4284	241	2715	1382	1805	3572	2329	857	3207
scanmut_single_pos_15_T	1335	1521	1071	1627	2293	841	882	3370	2059	2222	1265	1429	2711
scanmut_single_pos_16_A	2188	1569	2303	1678	5099	293	2205	3115	9586	33	2556	619	2192
scanmut_single_pos_16_C	1591	495	1579	5659	1749	636	2171	3493	7344	1341	1492	2996	2131
scanmut_single_pos_16_G	4268	2815	3102	2488	3095	1790	5067	7677	5292	2406	1939	2774	2000
scanmut_single_pos_17_A	5221	855	3376	1754	1004	5253	2260	859	1138	4186	4527	3209	1419
scanmut_single_pos_17_G	1296	2391	851	628	210	745	2307	2214	763	825	1550	1552	1588
scanmut_single_pos_17_T	2504	2586	2514	1858	8544	3350	4284	2211	6820	9798	1876	4406	1846
scanmut_single_pos_18_C	5203	2711	4211	5116	5321	3677	4487	1661	2737	3460	3718	1814	4695
scanmut_single_pos_18_G	2563	2180	5166	4828	3958	2155	3612	1557	1690	3552	3040	4541	4298
scanmut_single_pos_18_T	5360	4640	13518	2987	768	3144	1825	1870	4056	5191	8994	3272	3766
scanmut_single_pos_19_A	9158	6510	19045	4405	2506	5086	2179	2937	8188	15712	4338	6317	8652
scanmut_single_pos_19_C	2724	7447	4051	7380	3626	7621	6562	10748	4646	4906	6140	4458	2612
scanmut_single_pos_19_T	5863	10647	7686	3441	5524	5051	4349	6317	3925	2844	3433	12149	3080
scanmut_single_pos_20_A	2114	4736	7489	410	3077	2880	2543	4457	5027	2822	3891	6387	3698
scanmut_single_pos_20_G	1387	3843	2768	2588	1974	2056	2884	2639	5008	4102	2642	1964	2683
scanmut_single_pos_20_T	3316	7380	4091	19361	5161	8380	5646	4108	8311	7947	6518	8205	9668
scanmut_single_pos_21_A	736	412	1125	1407	473	1303	1726	671	585	5097	1259	629	104
scanmut_single_pos_21_C	2419	1927	1386	800	4374	3702	2041	1682	1045	3727	1763	2487	2785
scanmut_single_pos_21_G	243	378	208	1656	493	592	952	587	636	796	581	665	502
scanmut_single_pos_22_A	9863	6850	6578	7058	3883	8951	8721	8633	3827	14442	6828	3812	6590
scanmut_single_pos_22_C	5419	5963	6842	6585	5374	8999	1886	9553	3917	8529	6430	5013	8829
scanmut_single_pos_22_T	5127	5309	2708	5728	6649	667	4437	4648	13701	8220	5344	10400	8455
scanmut_single_pos_23_A	1981	4953	8388	2543	8551	4629	4951	4337	8143	4057	3083	9658	7489
scanmut_single_pos_23_G	5173	2497	4774	9206	6236	3193	7913	9621	6573	4551	6348	2527	5418
scanmut_single_pos_23_T	8054	6837	1963	8563	2302	6293	6035	3801	10070	4388	2927	4239	7113
scanmut_single_pos_24_A	6459	10129	9624	7291	4852	5295	4294	13207	6885	7579	2937	4561	16621
scanmut_single_pos_24_G	5409	16488	11839	10222	3888	7748	19326	15075	6531	5957	4617	7807	6170
scanmut_single_pos_24_T	15781	6995	4617	3489	5864	2594	4429	8152	8556	4153	8575	4223	4856
scanmut_single_pos_25_C	3720	2066	6600	8110	4322	7835	8242	6024	5546	3081	23580	3589	7778
scanmut_single_pos_25_G	5959	3900	8038	5558	4568	7606	4829	8173	2442	5730	13952	10150	4471
scanmut_single_pos_25_T	8527	6739	5926	6803	8151	6424	6242	10102	6234	8183	12098	6219	6244
scanmut_single_pos_26_A	6554	2305	14273	15246	3326	2307	8165	7961	3920	15173	18665	24896	8648
scanmut_single_pos_26_C	14560	9316	6928	6372	1980	4137	6051	10378	9702	2504	5441	8135	6171
scanmut_single_pos_26_T	11303	7289	6392	6448	11314	7246	4486	8119	7131	5634	6877	6147	3273
scanmut_single_pos_27_C	3811	1438	2739	3450	3610	3661	2377	1520	2163	2821	2910	3534	2582
scanmut_single_pos_27_G	2025	3654	3697	3674	2671	2805	5907	11268	2638	1387	4675	2683	4232
scanmut_single_pos_27_T	3079	2535	432	2765	1173	2694	283	788	1494	993	43	2605	2026
scanmut_single_pos_28_A	2154	1118	1134	3570	2339	3108	1090	2339	2651	694	5758	3931	1460
scanmut_single_pos_28_C	2439	1345	1067	5051	3222	2106	3073	2374	1042	2121	3571	4758	1786
scanmut_single_pos_28_G	834	4610	4523	1430	1057	1050	460	4452	2241	2331	4346	2416	2997
scanmut_single_pos_29_A	3646	3004	1855	6872	4377	4879	4771	2388	427	3236	1208	3770	4787
scanmut_single_pos_29_G	4253	5141	3404	2384	3086	3268	16397	4303	3096	604	1813	4462	1586
scanmut_single_pos_29_T	3978	3595	3055	3565	8557	4889	5241	4809	8504	2594	2860	3302	5004
scanmut_single_pos_30_A	7445	2951	217	688	3159	4761	2497	1775	1572	3086	3776	2005	3023
scanmut_single_pos_30_G	761	1585	561	746	537	2616	939	1101	216	1754	997	356	1736
scanmut_single_pos_30_T	3779	5154	2743	3557	3037	2104	2394	5509	1775	1812	7889	4439	8368
scanmut_single_pos_31_A	2998	4988	3605	4547	6702	3556	2350	8208	1833	2737	1586	4075	2251
scanmut_single_pos_31_G	2709	2340	5583	1857	3533	2221	10533	3006	3256	2328	2202	2401	8842
scanmut_single_pos_31_T	5201	7343	901	1441	4562	6295	4204	3841	4871	5314	1331	7947	3053
scanmut_single_pos_32_C	2492	3526	2375	7948	4270	5267	2171	2187	1814	68	5716	3163	2287
scanmut_single_pos_32_G	3738	1657	2119	4622	3419	1699	7902	1396	2354	2952	2059	2659	1397
scanmut_single_pos_32_T	1272	3651	3365	3497	5780	3043	5440	3925	3225	6637	4017	1810	6030
scanmut_single_pos_33_A	3228	4501	749	1191	2831	4210	3417	3387	2769	4047	2989	7597	1215
scanmut_single_pos_33_C	2592	900	1250	61	1202	601	1952	972	197	2852	299	1249	1046
scanmut_single_pos_33_G	3322	11451	1847	3667	3553	6830	1981	1923	3774	1707	1744	2436	1285
scanmut_single_pos_34_A	7196	5081	6038	0	5926	10771	5943	4413	7222	5262	6736	6628	8711
scanmut_single_pos_34_C	5209	5507	4279	4920	3103	6338	11100	7355	5074	4715	8322	4904	5121
scanmut_single_pos_34_T	10498	12838	5709	2800	6270	5788	17790	10009	14791	10901	9373	11932	10950
scanmut_single_pos_35_A	4272	9698	3779	4727	4312	7410	15888	5317	8949	6021	8541	12586	5228
scanmut_single_pos_35_C	5822	4374	424	6382	6584	1544	4602	1936	5114	2202	1996	5921	6574
scanmut_single_pos_35_T	4081	3905	5079	5864	3592	4173	3907	7870	3854	4294	3165	1833	2587
scanmut_single_pos_36_A	4686	17685	6655	5170	5534	6263	2884	3403	6811	6354	3891	4684	4513
scanmut_single_pos_36_G	5972	4643	3067	2583	3001	6198	2894	2952	8036	3760	4699	6293	3860
scanmut_single_pos_36_T	8427	5497	5313	8213	6293	2786	7092	5187	133	6011	5519	4961	4749
scanmut_single_pos_37_A	1735	2647	2806	1883	2953	3581	2	365	4244	4725	1883	7417	2729
scanmut_single_pos_37_G	2774	867	1522	2598	1263	1083	3617	3030	3294	1167	2798	2313	1866
scanmut_single_pos_37_T	1753	2484	4438	1534	1597	3337	267	4130	1958	2826	1992	37	1534
scanmut_single_pos_38_A	1515	5108	4426	1448	1955	2712	2983	1461	2728	1713	2007	4537	1074
scanmut_single_pos_38_C	5103	2880	2258	3274	2728	4810	5750	2352	3105	957	3237	3779	3771
scanmut_single_pos_38_T	1550	1753	3218	2969	2128	3334	1356	733	2999	873	1255	2562	1909
scanmut_single_pos_39_A	3363	2008	4196	1237	4094	1998	4335	1323	940	1504	1481	4339	44
scanmut_single_pos_39_C	2913	2073	2752	3729	3936	2443	3074	2003	1170	3590	1619	2164	2430
scanmut_single_pos_39_G	3326	4925	2208	941	3106	364	1332	1455	1949	951	2395	2443	1258
scanmut_single_pos_40_A	2961	4623	841	1950	1527	1397	3726	1460	948	2925	2937	3000	7300
scanmut_single_pos_40_G	1775	3411	3194	3561	1324	1211	636	3990	635	2124	1670	3306	901
scanmut_single_pos_40_T	1893	1835	999	2099	3213	2065	1048	2979	3994	5591	1387	1863	2700
scanmut_single_pos_41_C	1245	3682	2555	3134	4594	2482	2908	2873	7046	3120	4908	1571	1948
scanmut_single_pos_41_G	2239	2965	1705	4500	1172	1440	1720	2750	3010	1751	2316	1194	331
scanmut_single_pos_41_T	2648	2939	2323	1376	2248	949	2256	1871	3968	1966	2658	3500	1154
scanmut_single_pos_42_A	3352	1314	4958	4746	3288	1279	2048	2643	2955	3825	945	3233	4483
scanmut_single_pos_42_C	7683	3127	2505	2599	4682	3675	5203	4848	6493	714	3702	2574	2540
scanmut_single_pos_42_G	3968	958	1196	2283	3266	2168	8980	2675	5253	1543	3171	2929	3783
scanmut_single_pos_43_C	5944	3324	5369	2934	10361	566	5593	5330	5859	3500	12056	1724	3333
scanmut_single_pos_43_G	7740	4839	7849	3882	5567	2386	2193	4540	2827	5709	4254	4339	2452
scanmut_single_pos_43_T	3339	7845	4952	4328	3763	4335	4376	2659	4519	5851	5709	9207	9971
scanmut_single_pos_44_A	2202	1954	2372	5270	2897	2240	8	1534	3350	4066	2056	2631	2555
scanmut_single_pos_44_G	8627	2331	3350	4587	5698	6215	5481	2944	9227	506	1531	6117	4282
scanmut_single_pos_44_T	4866	2921	11426	2446	1057	4051	2215	2212	6927	4193	5836	2060	4627
scanmut_single_pos_45_A	2346	1152	3364	6567	3780	7652	1044	4854	7	10042	3277	4575	6206
scanmut_single_pos_45_C	1905	3490	3018	2721	3538	3967	3435	2640	1675	3319	8	1850	2457
scanmut_single_pos_45_G	5641	5844	3933	4800	3302	3911	1433	3444	15228	1497	1880	3096	7247
scanmut_single_pos_46_A	3442	4412	2055	2492	3292	3984	4266	4420	3434	1021	2361	3632	3981
scanmut_single_pos_46_C	6578	3023	4957	4570	5021	6266	5399	5986	7913	6345	6617	3984	4020
scanmut_single_pos_46_T	3470	5156	7396	1039	3281	4920	3896	7330	1293	3590	2657	998	2230
scanmut_single_pos_47_A	7672	7497	1862	943	1682	2082	1550	2792	3315	3772	1622	4216	4058
scanmut_single_pos_47_C	2602	2830	1900	2679	3256	3817	2614	2677	3862	1747	2864	1563	1661
scanmut_single_pos_47_G	1156	823	2688	4607	2425	1097	4643	2482	2655	3742	3728	4293	2564
scanmut_single_pos_48_A	1386	6190	0	4209	1569	2152	2545	3735	3435	1366	2844	2636	1708
scanmut_single_pos_48_C	2136	2949	2269	3616	2850	2507	3441	7709	8989	3169	2454	540	5793
scanmut_single_pos_48_T	1888	3907	2528	1550	519	4063	2778	4522	2279	3628	2031	1730	1889
scanmut_single_pos_49_C	2512	2132	100	1493	1355	4348	1721	4381	3481	1456	4262	1277	3885
scanmut_single_pos_49_G	2474	1961	2329	2295	2250	5970	4508	1301	6074	3070	13292	4679	289
scanmut_single_pos_49_T	2999	2497	2497	1335	1697	1013	961	2067	2021	1235	4467	2673	2360
scanmut_single_pos_50_A	2341	978	1427	1690	2147	2934	2827	2433	2444	1983	690	770	1797
scanmut_single_pos_50_G	2156	2040	3877	5569	2045	2368	5591	2600	1974	1974	1810	489	19
scanmut_single_pos_50_T	3124	3751	7233	6158	3008	2004	2654	3429	3221	1270	5699	1782	4666
scanmut_single_pos_51_A	2063	1643	3384	4989	1958	2374	2420	1596	2244	594	2273	802	4687
scanmut_single_pos_51_C	2041	1945	1626	1445	1890	1698	1334	1742	1550	2830	4159	1889	1775
scanmut_single_pos_51_T	1457	970	3914	1811	1585	2745	2507	1362	3495	2016	1316	3842	1423
scanmut_single_pos_52_A	2113	1405	4253	3530	4443	3175	2613	1985	5104	0	3344	3707	4013
scanmut_single_pos_52_C	3535	11153	10195	7473	2875	4543	3742	3191	1637	4942	6796	2994	3507
scanmut_single_pos_52_G	4276	4996	2985	2984	1741	3170	5776	1889	2410	3256	9840	2895	6917
scanmut_single_pos_53_A	4306	3875	3253	4145	982	2838	1913	1207	2364	2691	4948	651	2108
scanmut_single_pos_53_G	1586	3646	2737	2574	2128	7336	2931	1959	2850	2141	4581	4049	3104
scanmut_single_pos_53_T	2774	3094	3512	3339	3502	1841	5915	1521	389	3175	1533	2060	3412
scanmut_single_pos_54_A	4331	2049	1731	1718	1504	1660	2762	3138	2305	2262	5030	78	1708
scanmut_single_pos_54_C	2477	2151	2229	2257	1860	3237	1854	1006	5002	3162	2547	636	2474
scanmut_single_pos_54_G	3946	5210	454	461	2790	2822	3191	2278	6893	1225	1644	3629	3551
scanmut_single_pos_55_A	2677	2443	3708	6094	1691	3589	3275	2848	6053	7408	1840	3894	4426
scanmut_single_pos_55_C	4652	4218	4206	1990	1	4692	2660	2346	4214	7235	2377	2295	494
scanmut_single_pos_55_G	3961	10380	4540	1985	3101	5294	3763	1774	1095	2429	1229	8922	8385
scanmut_single_pos_56_A	2973	689	4366	966	2390	3437	2926	4247	2364	3031	5108	4546	1166
scanmut_single_pos_56_C	4909	2492	3044	703	1998	1992	3409	3382	2480	2565	3044	539	2056
scanmut_single_pos_56_G	2539	1344	2803	9645	2753	2320	3630	3409	4282	3741	3791	2988	2473
scanmut_single_pos_57_A	2759	2967	9207	3673	2285	3953	3098	1217	1800	3731	4370	4215	3781
scanmut_single_pos_57_G	2755	3918	6115	3420	9280	1253	3534	14325	4908	4911	5910	2197	7408
scanmut_single_pos_57_T	3454	6606	3609	3122	7011	6482	6504	3432	1633	4640	7552	8939	3634
scanmut_single_pos_58_C	2789	2399	4253	5047	1088	6592	1953	2062	2479	7523	6438	7128	2916
scanmut_single_pos_58_G	3486	2820	3499	2685	3901	3363	3410	7164	1547	5189	3369	5461	3338
scanmut_single_pos_58_T	5473	9566	4697	14568	3716	8170	5430	8032	4338	6158	6268	6770	3722
scanmut_single_pos_59_A	4832	4362	3668	3980	4918	6088	5587	5398	6133	6920	5346	3129	6273
scanmut_single_pos_59_C	6866	1784	3762	2625	7686	4903	3695	5526	2737	4139	1165	6880	6111
scanmut_single_pos_59_T	6252	4560	3846	5601	5201	8938	14384	4473	3253	3061	3972	6926	3972
scanmut_single_pos_60_C	5890	6769	403	4470	7234	2406	2825	2900	3004	1782	8223	3313	3219
scanmut_single_pos_60_G	6158	3789	971	6183	2949	1291	3228	1242	3335	5131	4135	3233	2517
scanmut_single_pos_60_T	3920	3378	3202	5176	5294	8070	4437	4389	2254	779	4975	8572	3971
scanmut_single_pos_61_A	6796	7219	2987	4023	98	1142	4431	2852	6433	1781	3314	5312	11242
scanmut_single_pos_61_G	3445	5097	1896	3581	3635	2943	4159	4432	3010	2135	1954	2112	2547
scanmut_single_pos_61_T	5729	804	2726	5879	6531	1531	3038	2914	3358	1827	4344	11727	5157
scanmut_single_pos_62_C	9579	7602	6151	6430	4832	5123	6506	4097	7373	11440	3852	6194	5175
scanmut_single_pos_62_G	5367	9326	8521	2512	3569	4596	10732	18049	5265	3192	2867	4379	6571
scanmut_single_pos_62_T	2823	2911	5260	3339	4247	9766	4715	3413	4083	4958	6557	7726	5961
scanmut_single_pos_63_A	8420	2369	6133	6223	9469	5416	6930	3592	6612	6802	2308	5517	11477
scanmut_single_pos_63_G	10093	4597	11483	2562	5714	7238	14826	7543	8169	3991	7684	9	24278
scanmut_single_pos_63_T	6711	5056	8979	13039	4748	3632	7003	11046	3719	7956	9552	8575	7502
scanmut_single_pos_64_A	6160	7729	5220	4884	5252	9969	2039	5894	3478	3296	5322	6083	2989
scanmut_single_pos_64_G	4401	6273	6457	4613	7379	5459	6799	2610	5980	1893	8168	5130	6150
scanmut_single_pos_64_T	2346	5036	4021	3855	3542	8168	3128	4495	13994	5302	2476	2709	6460
scanmut_single_pos_65_A	8330	4428	5033	4313	1535	5107	4236	4720	4593	6216	3746	3734	4617
scanmut_single_pos_65_G	2807	8558	8577	2501	2579	1180	3155	3460	3205	4737	3685	5438	12699
scanmut_single_pos_65_T	3351	2024	2185	9105	1787	4265	3390	4016	3190	2550	3335	3164	2692
scanmut_single_pos_66_A	6542	6436	1428	5799	0	5139	13468	5912	3262	3748	4844	5217	6710
scanmut_single_pos_66_G	3136	4264	8883	1754	4177	3363	1870	5276	2933	4569	6654	4718	4772
scanmut_single_pos_66_T	5180	4788	5709	4393	9725	1976	9122	2157	4230	5505	2436	4735	7223
scanmut_single_pos_67_C	2529	4117	1492	4086	5222	2399	2066	3321	2137	2420	3728	2894	3458
scanmut_single_pos_67_G	782	2126	5019	1098	2358	4960	1800	3049	4146	4863	3997	543	3669
scanmut_single_pos_67_T	5539	3526	2123	2843	2619	1988	4114	1937	2591	1658	6495	3113	4278
scanmut_single_pos_68_A	2789	1392	982	2171	2430	2867	3060	2804	1366	2514	3095	3019	2374
scanmut_single_pos_68_C	2615	1956	3966	3039	3172	4031	2109	2571	4401	4692	1363	2974	2237
scanmut_single_pos_68_G	908	2930	1989	2230	1799	2271	2175	2075	3164	1490	3906	55	2163
scanmut_single_pos_69_A	2346	2316	1693	2135	1597	972	1192	2282	1322	1249	2634	3345	1266
scanmut_single_pos_69_C	945	3246	2885	969	1056	1476	695	1898	623	1402	1752	2566	1386
scanmut_single_pos_69_G	1286	3420	4084	726	1717	1225	1248	1205	684	303	1888	872	1343
scanmut_single_pos_70_A	1613	1559	1317	1735	1068	980	1066	1272	1016	660	2205	2766	961
scanmut_single_pos_70_C	1829	1111	1353	1280	5484	4123	1827	0	962	697	1481	2014	2639
scanmut_single_pos_70_T	2462	1321	961	1615	1219	1802	2591	2024	4838	6234	1326	2980	1915
scanmut_single_pos_71_C	1706	832	1110	2647	1247	1881	727	1954	579	1258	917	1446	1684
scanmut_single_pos_71_G	1636	1183	1888	4412	1792	2264	3406	171	1977	7973	2034	3104	1009
scanmut_single_pos_71_T	1060	2966	1024	2540	1069	1605	264	2010	1580	2501	2020	1558	934
scanmut_single_pos_72_A	1744	561	809	781	1290	2420	842	1261	1297	1353	914	1546	2015
scanmut_single_pos_72_G	556	1083	3095	828	1585	505	1339	758	854	945	2582	780	562
scanmut_single_pos_72_T	1032	1007	1201	1585	903	1205	989	1180	488	1924	2442	1204	887
scanmut_single_pos_73_A	2855	1002	2293	1662	834	2373	2812	2769	1652	1767	1589	542	3752
scanmut_single_pos_73_C	2211	1638	1111	1025	985	2134	1222	2290	1463	1469	848	809	2251
scanmut_single_pos_73_T	1417	639	684	913	1568	1411	1012	2211	3799	858	901	162	2036
scanmut_single_pos_74_A	1191	2113	1781	2467	1864	1090	1037	5169	549	1109	1173	2859	2524
scanmut_single_pos_74_C	5060	2718	5020	723	1481	415	2215	3292	1496	1330	2276	5486	1596
scanmut_single_pos_74_G	747	581	1544	398	861	3302	1469	875	1965	2066	2339	1856	384
scanmut_single_pos_75_A	1925	2	3314	3580	2360	2668	2176	3074	1117	2689	4671	1773	1548
scanmut_single_pos_75_G	1237	1181	1659	1858	757	2002	629	1531	1161	2687	748	2498	928
scanmut_single_pos_75_T	1278	2737	970	1789	308	3344	2489	1842	3043	1846	1716	2403	2442
scanmut_single_pos_76_C	3053	3660	3021	3511	1600	2050	682	1462	3737	3152	1384	3956	6548
scanmut_single_pos_76_G	2442	1067	2417	1414	3543	447	2004	566	614	487	1555	2418	217
scanmut_single_pos_76_T	1238	1262	2903	1694	2348	1036	527	2488	3978	980	2244	3003	1581
scanmut_single_pos_77_C	3527	1155	1149	2184	3605	4925	1761	2970	1937	1655	1986	1132	2886
scanmut_single_pos_77_G	2172	1839	1334	5463	4719	4566	3868	991	2772	3710	2871	1611	3621
scanmut_single_pos_77_T	1452	865	1593	1627	1536	1448	2582	3530	2540	2785	3241	2304	924
scanmut_single_pos_78_A	1829	4654	2280	1439	2666	885	174	1836	886	1564	662	881	1874
scanmut_single_pos_78_C	2305	2452	1084	665	1103	200	1083	1183	2456	1588	1402	3053	1331
scanmut_single_pos_78_G	2000	1965	4018	1029	1623	2129	2900	1726	1577	1167	2525	3282	814
scanmut_single_pos_79_A	2952	329	4650	1835	4804	4555	3925	12619	1923	967	6332	3172	4859
scanmut_single_pos_79_C	2051	4367	14645	3819	3648	3760	2752	4114	5566	5301	1717	4842	1966
scanmut_single_pos_79_T	4777	4786	4227	1845	4690	5247	5583	2719	4674	3647	3308	2288	11243
scanmut_single_pos_80_A	6887	1943	1797	6272	3978	2393	3933	2398	3021	2807	3166	2344	1008
scanmut_single_pos_80_C	1203	2265	0	1809	4024	1706	5892	2241	6673	3064	3765	4638	2408
scanmut_single_pos_80_T	4728	1959	3976	2132	2426	3324	1424	1680	4405	5626	4778	3831	2621
scanmut_single_pos_81_A	5558	901	2203	2671	4952	9232	5367	3331	3383	1027	1011	4696	5118
scanmut_single_pos_81_C	5553	5392	2776	4368	4547	3412	4136	1756	3448	2516	5098	799	52
scanmut_single_pos_81_T	2744	2859	3777	2798	8690	2230	3139	2134	3204	1341	6848	3124	2732
scanmut_single_pos_82_C	4772	2930	146	3186	4837	3261	6687	3749	5955	2388	3002	6508	12361
scanmut_single_pos_82_G	2950	4872	3934	3426	2354	4972	778	587	6758	5812	6566	2231	4439
scanmut_single_pos_82_T	3301	2195	5310	12494	9599	3715	3713	4517	970	2784	4437	5231	11423
scanmut_single_pos_83_A	4396	6331	3254	4391	4102	3573	3070	6225	8402	2062	7360	5401	4736
scanmut_single_pos_83_C	3788	1501	1350	3256	1823	6323	4494	5938	2553	5931	2745	9898	6694
scanmut_single_pos_83_T	5310	4280	3102	5295	13441	5383	3166	5975	3787	1406	7050	0	7495
scanmut_single_pos_84_C	4086	1391	5425	5351	7434	11970	7818	3427	4831	3592	8535	5979	6326
scanmut_single_pos_84_G	7324	2555	4187	2725	7585	3384	10750	6027	9552	14022	3358	7399	3359
scanmut_single_pos_84_T	4429	2323	1924	4228	3350	652	1045	5327	4216	3927	3722	4336	2387
scanmut_single_pos_85_C	2929	4175	2602	3699	3168	3696	2583	1985	758	3023	1373	6140	2937
scanmut_single_pos_85_G	3384	298	2157	3522	2287	1742	5391	4133	3029	1904	2007	2101	2361
scanmut_single_pos_85_T	5139	3246	5430	3445	2944	1510	2703	5474	3993	7443	2444	1696	1462
scanmut_single_pos_86_A	2811	1035	3414	1812	1496	2704	247	2074	866	1129	7476	3183	2243
scanmut_single_pos_86_G	2312	2186	3178	1889	1612	1606	3546	2912	6003	2471	914	2771	2466
scanmut_single_pos_86_T	9936	3733	3485	10499	10146	3730	2225	2725	2288	2849	2616	936	3567
scanmut_comp_8_pos_0	1416	3040	828	752	959	1461	1991	2116	2894	2757	2214	1675	2743
scanmut_comp_8_pos_1	3922	2571	5329	9041	1656	3409	2708	2137	3131	4924	4226	4459	12496
scanmut_comp_8_pos_2	2644	3703	3169	2775	1595	4489	6171	5797	3123	1730	1652	2307	3164
scanmut_comp_8_pos_3	4060	3347	3708	2804	2768	10544	4047	7344	3910	4520	3877	1628	4308
scanmut_comp_8_pos_4	3609	1827	3807	3074	2419	3917	2701	1301	10392	3745	9600	6221	4438
scanmut_comp_8_pos_5	3858	10725	7324	5986	12287	2436	3453	5329	9142	2650	5995	2585	6405
scanmut_comp_8_pos_6	6716	6791	2451	5506	5730	3366	8628	2953	5231	5208	1737	5860	7157
scanmut_comp_8_pos_7	1235	2460	3797	3025	1286	1290	2754	1668	7459	3066	1576	2193	1860
scanmut_comp_8_pos_8	1739	1110	1125	2360	3502	1756	2009	1314	3574	882	1642	1544	648
scanmut_comp_8_pos_9	2754	2991	1873	3392	3253	2332	3140	2318	2221	3036	2220	2646	6188
scanmut_comp_8_pos_10	1265	4698	3659	3093	5026	3296	5441	1134	4172	1324	6015	2992	1866
scanmut_comp_8_pos_11	4651	7044	4674	7042	4510	7597	3894	2753	5417	4579	1655	5308	6386
scanmut_comp_8_pos_12	2764	4929	19307	4748	4558	1604	7908	5173	10676	8510	8650	6680	7880
scanmut_comp_8_pos_13	1547	1577	2168	3985	9728	4676	5214	4736	1593	3721	5926	2273	2639
scanmut_comp_8_pos_14	1627	2390	1633	9905	1319	3304	2529	3010	1216	3093	2325	2806	2631
scanmut_comp_8_pos_15	4262	2289	2864	1142	4267	1979	2947	3391	2911	5539	2661	888	2187
scanmut_comp_8_pos_16	4781	12316	4513	577	3083	4095	3275	3383	4036	6284	10591	8595	4733
scanmut_comp_8_pos_17	6388	5520	3915	4150	4446	5737	3757	5839	3561	7397	4792	3081	3764
scanmut_comp_8_pos_18	10700	4988	5259	4918	2962	2177	6561	5285	2701	6660	5823	2892	8078
scanmut_comp_8_pos_19	4786	2604	6442	4489	4075	3452	7473	4733	5565	1718	3913	2923	2311
scanmut_comp_8_pos_20	1766	2746	3538	8151	8012	3783	5483	4518	3761	12586	2269	5835	1969
scanmut_comp_8_pos_21	3455	11460	11453	3173	8000	3268	5430	3890	4569	5128	6237	15478	12830
scanmut_comp_8_pos_22	9166	8436	4618	9558	23909	8446	13079	7864	10662	9056	15053	18609	12210
scanmut_comp_8_pos_23	23581	4980	2587	4402	12892	8196	4597	2110	4961	4770	7070	12219	3325
scanmut_comp_8_pos_24	3717	2953	4141	6371	10178	9052	11935	8776	1125	12688	5640	6955	11614
scanmut_comp_8_pos_25	8719	2707	4849	13287	3694	7894	8194	11545	5570	4870	8924	6285	14771
scanmut_comp_8_pos_26	6685	2314	3868	2113	4116	3554	7063	2783	6646	6162	3057	6272	2900
scanmut_comp_8_pos_27	795	607	1505	1311	562	2428	611	1193	1160	671	1086	1796	316
scanmut_comp_8_pos_31	5115	2809	4312	2495	1765	4055	4160	2203	2102	6916	7330	1719	2020
scanmut_comp_8_pos_32	3330	1079	3842	590	2601	2196	2636	624	3790	2282	1991	1842	2422
scanmut_comp_8_pos_33	1381	2645	1636	1221	1503	4483	3957	1876	974	1688	2055	573	1432
scanmut_comp_8_pos_34	1787	2124	2649	3282	2686	1684	3333	3846	3105	4115	3896	3053	842
scanmut_comp_8_pos_35	1915	1685	52	444	987	1557	1176	1331	1852	1199	1540	925	2562
scanmut_comp_8_pos_36	1677	1922	1907	2911	1233	591	1619	2193	1691	2584	3379	1271	1174
scanmut_comp_8_pos_37	2035	4136	3107	15	3458	2931	3905	1260	1943	1721	1612	3244	1665
scanmut_comp_8_pos_38	2417	3149	1271	24	1666	1769	894	905	1652	2866	1640	1319	1619
scanmut_comp_8_pos_39	2052	2443	2003	1601	7609	5207	2559	4400	3938	1529	1037	7403	3628
scanmut_comp_8_pos_40	1973	1347	2872	1204	1366	3320	913	1016	1180	1248	724	1284	3511
scanmut_comp_8_pos_41	761	1923	616	1833	1641	2264	994	2010	2263	1501	3089	1661	6243
scanmut_comp_8_pos_42	4539	1580	2605	3075	1921	1619	661	1699	2387	4141	3461	0	5476
scanmut_comp_8_pos_43	1814	1472	2108	2489	2192	709	1222	1408	1665	2312	4646	2159	3231
scanmut_comp_8_pos_44	1458	1602	1852	1938	2835	2337	1099	2387	405	1528	1138	840	1290
scanmut_comp_8_pos_45	3573	2335	1860	2853	1557	1663	2839	879	3527	1648	1019	7840	1633
scanmut_comp_8_pos_46	2496	4439	992	1830	5816	958	2735	1498	1284	1828	885	1533	4079
scanmut_comp_8_pos_47	1156	872	5279	3953	2316	1196	837	2545	1402	1860	2799	1344	1351
scanmut_comp_8_pos_48	3312	1441	1381	2356	1112	842	3000	5882	1436	1573	5160	1992	793
scanmut_comp_8_pos_49	320	1261	1447	1461	294	1088	1279	1701	2676	912	1987	3531	90
scanmut_comp_8_pos_50	1868	2335	1755	903	1199	1678	1527	560	3831	832	768	1356	376
scanmut_comp_8_pos_51	546	4599	3626	3220	379	1650	1998	388	1624	2398	893	1293	2791
scanmut_comp_8_pos_52	2899	8642	5374	1815	7926	4692	3538	3905	3220	3182	5691	3233	6
scanmut_comp_8_pos_53	3754	3391	4863	4113	4598	5069	2393	3472	10561	7165	1735	2566	1812
scanmut_comp_8_pos_54	1348	2251	7733	7300	3096	4708	586	6306	6809	4501	2430	2391	5953
scanmut_comp_8_pos_55	7832	3598	6227	3997	2699	4640	5108	2929	2734	4257	2872	4790	2063
scanmut_comp_8_pos_56	6191	5549	2694	1919	3096	3767	4565	3459	5800	5208	3196	4231	1869
scanmut_comp_8_pos_57	3905	3468	2924	1215	1127	3793	5055	3955	3849	5597	3913	5459	2550
scanmut_comp_8_pos_58	2202	2082	2077	1964	4740	3253	3674	2640	1730	4919	1257	13829	3131
scanmut_comp_8_pos_59	1924	1739	7146	4640	2007	1249	3328	4731	1604	3161	6712	4675	4529
scanmut_comp_8_pos_60	1572	1099	1865	1641	1307	2094	1329	1694	240	2366	1162	2145	1114
scanmut_comp_8_pos_61	2251	424	526	1709	478	2432	790	705	1230	1003	1185	1011	1046
scanmut_comp_8_pos_62	1842	3007	2347	2120	5099	1881	3101	3342	1769	2686	3717	1517	1649
scanmut_comp_8_pos_63	1990	3557	2853	1875	1108	840	992	2767	1107	1521	1357	1931	1168
scanmut_comp_8_pos_64	1614	1097	1098	1589	1115	497	1113	3102	624	752	848	919	857
scanmut_comp_8_pos_65	521	1831	580	2531	725	30	978	1603	1760	1018	979	468	1152
scanmut_comp_8_pos_66	2046	870	905	1164	1448	1246	557	1486	2429	1025	501	866	1684
scanmut_comp_8_pos_67	677	39	743	231	648	257	2014	659	587	516	1035	378	932
scanmut_comp_8_pos_68	721	357	1511	565	399	257	805	1526	942	374	452	108	235
scanmut_comp_8_pos_69	618	2116	1367	1946	503	5	2001	1222	2243	2123	657	806	3418
scanmut_comp_8_pos_70	597	1091	2129	1333	554	454	1302	1451	663	1040	997	132	4093
scanmut_comp_8_pos_71	1211	1990	2697	485	1145	578	520	1257	1101	160	1274	1053	1336
scanmut_comp_8_pos_72	0	781	540	3146	1538	4862	427	1700	2492	2486	1284	1274	2486
scanmut_comp_8_pos_73	417	451	1446	1026	773	1066	1132	1473	1381	1477	947	970	484
scanmut_comp_8_pos_74	1413	1209	372	1271	1037	693	509	802	1301	1160	420	591	1134
scanmut_comp_8_pos_75	2393	1268	839	1189	2824	1760	1322	1275	1926	1018	2409	2603	2707
scanmut_comp_8_pos_76	1469	1218	210	1784	2181	3616	1774	994	2198	1045	423	2593	883
scanmut_comp_8_pos_77	1777	752	2459	1540	703	1074	1706	1132	2017	913	2120	686	1317
scanmut_comp_8_pos_78	2629	3136	2178	1444	1650	921	585	1636	1290	265	699	1387	2968
scanmut_comp_8_pos_79	1732	2602	712	1654	610	3865	1731	1082	2424	2554	2526	2160	2115
scanmut_nocomptransv_8_pos_0	1068	862	2666	2324	4350	1495	2079	3684	1782	2294	1047	2118	1687
scanmut_nocomptransv_8_pos_1	14159	10274	8849	6772	7690	5066	9285	7993	2655	2169	4912	5142	3090
scanmut_nocomptransv_8_pos_2	1923	2860	1931	2235	722	734	1799	3359	1950	3227	1124	1436	2094
scanmut_nocomptransv_8_pos_3	5559	7945	6560	7655	4845	6300	6820	4767	11590	9186	4781	2406	4230
scanmut_nocomptransv_8_pos_4	5232	2860	4116	2057	4400	6344	5952	3065	3829	5053	5958	8207	8677
scanmut_nocomptransv_8_pos_5	2877	8074	4835	5342	10627	8055	939	5688	5013	8473	6933	2820	3686
scanmut_nocomptransv_8_pos_6	2816	4100	3121	1976	1480	3860	3185	3994	4287	1260	4121	3804	2610
scanmut_nocomptransv_8_pos_7	2278	1251	910	1145	4006	966	1859	1348	2401	2151	1945	888	2783
scanmut_nocomptransv_8_pos_8	4728	3617	3449	908	3934	3896	8343	3928	4289	2406	3522	3944	7096
scanmut_nocomptransv_8_pos_9	3077	2282	2636	2939	2058	3263	1685	2446	2065	2556	3354	2175	2759
scanmut_nocomptransv_8_pos_10	1466	3804	1151	662	502	1349	795	419	633	1328	578	1735	2267
scanmut_nocomptransv_8_pos_11	6170	10777	8780	8320	435	6408	8390	7006	6617	6240	8092	16092	5571
scanmut_nocomptransv_8_pos_12	4463	5538	13407	6080	5961	4427	4934	5602	9030	3107	4565	4511	5973
scanmut_nocomptransv_8_pos_13	6506	2434	7237	6063	3755	3846	5550	15569	4406	5018	10931	4438	6730
scanmut_nocomptransv_8_pos_14	3208	2410	2365	2708	3736	3888	4313	5113	465	1643	2352	5295	5521
scanmut_nocomptransv_8_pos_15	2651	9002	2413	4448	3352	2824	3892	4544	7106	2560	842	2866	5660
scanmut_nocomptransv_8_pos_16	231	3613	8539	5693	3981	3066	3795	4609	2202	6810	3414	4246	4903
scanmut_nocomptransv_8_pos_17	9607	14390	5667	7279	7809	13146	8181	2347	7249	24513	7114	9417	11716
scanmut_nocomptransv_8_pos_18	5635	10723	5338	6425	5163	2315	11792	5203	6824	7383	0	3783	5257
scanmut_nocomptransv_8_pos_19	772	4272	3523	14006	3924	5595	3860	5478	5341	4853	3712	8982	4717
scanmut_nocomptransv_8_pos_20	8360	2505	10248	6859	8768	4816	4240	5868	5364	4576	3475	7039	5724
scanmut_nocomptransv_8_pos_21	18444	13246	6751	5203	2000	6401	6981	15109	6372	19159	4246	4769	9170
scanmut_nocomptransv_8_pos_22	13441	9255	4974	4835	4053	5503	7574	6210	5496	10856	8301	11746	4602
scanmut_nocomptransv_8_pos_23	8623	5402	4362	3365	2820	5933	4313	610	3265	3955	1844	3384	2381
scanmut_nocomptransv_8_pos_24	4263	3021	7735	5249	4153	3135	1984	3159	5973	6275	9267	7201	3956
scanmut_nocomptransv_8_pos_25	2554	3860	2705	1648	2149	3210	5847	5828	5312	6917	2497	3529	4675
scanmut_nocomptransv_8_pos_26	870	591	1061	382	577	23	869	2046	512	301	982	1623	684
scanmut_nocomptransv_8_pos_27	584	682	266	1198	875	144	861	1935	972	1111	221	2007	411
scanmut_nocomptransv_8_pos_28	1122	581	829	2304	241	591	244	1151	1260	874	774	73	2986
scanmut_nocomptransv_8_pos_29	0	3517	4064	4698	2970	2988	4747	3098	3619	3036	4065	1496	2993
scanmut_nocomptransv_8_pos_30	1484	4472	1575	2230	1071	1733	1615	1940	1595	1795	2200	4276	3673
scanmut_nocomptransv_8_pos_31	4968	3775	5636	5510	9885	2794	8078	4863	348	9869	4481	4474	4854
scanmut_nocomptransv_8_pos_32	640	77	1708	1949	1228	1229	1131	2478	1117	2769	1503	1039	1828
scanmut_nocomptransv_8_pos_33	2863	2469	2761	2573	3234	1889	3000	1835	2101	1530	2289	2920	1391
scanmut_nocomptransv_8_pos_34	5694	5599	4032	6505	3239	7602	8280	1565	4577	5298	6289	3466	7687
scanmut_nocomptransv_8_pos_35	2884	4267	3169	6957	2128	2770	2638	520	4027	1438	1602	3160	5533
scanmut_nocomptransv_8_pos_36	1810	2436	3311	1758	5945	6841	2571	2617	7614	5454	6211	3220	1063
scanmut_nocomptransv_8_pos_37	5988	8040	6851	2856	4530	2804	2888	6497	2379	5005	2272	10679	5887
scanmut_nocomptransv_8_pos_38	2115	2539	2147	1851	1731	3487	9207	3928	1407	862	4735	3423	2167
scanmut_nocomptransv_8_pos_39	1648	2359	4008	1512	1718	1130	2318	1736	2443	2096	2683	1130	3208
scanmut_nocomptransv_8_pos_40	2612	1452	825	459	1204	1701	901	2192	659	2273	4252	1138	910
scanmut_nocomptransv_8_pos_41	854	1664	1341	565	1034	715	1352	2112	1957	1091	389	896	1620
scanmut_nocomptransv_8_pos_42	1633	4675	1387	886	2090	2019	2064	2771	2302	1263	356	1590	1632
scanmut_nocomptransv_8_pos_43	10140	3514	1437	4147	6721	5117	4364	1564	1395	2744	1250	1142	2041
scanmut_nocomptransv_8_pos_44	1943	2534	1762	1056	1532	1049	1626	5181	1540	1109	2251	1240	372
scanmut_nocomptransv_8_pos_45	707	2392	3888	1902	1295	1865	2388	1161	1720	1340	1629	1743	2394
scanmut_nocomptransv_8_pos_46	1072	1932	1913	2136	2943	2193	1852	1473	1954	1028	1602	2206	1379
scanmut_nocomptransv_8_pos_47	2190	4717	2067	1808	2669	4811	2469	2621	4575	4315	2253	460	2825
scanmut_nocomptransv_8_pos_48	1624	871	4207	1146	2248	825	2150	4165	963	1756	2881	741	2854
scanmut_nocomptransv_8_pos_49	1188	670	947	2147	1065	1423	1252	967	951	1431	1328	2238	1598
scanmut_nocomptransv_8_pos_50	793	1588	717	1543	1311	3486	1128	1768	2822	449	403	1879	2532
scanmut_nocomptransv_8_pos_51	782	524	1142	947	3097	1971	764	1967	1518	1019	1812	1874	2009
scanmut_nocomptransv_8_pos_52	2555	2055	862	4348	517	809	3616	1074	1532	992	2678	839	6267
scanmut_nocomptransv_8_pos_53	2041	2232	4070	5358	4281	2319	4579	5337	3827	2250	7849	3982	4064
scanmut_nocomptransv_8_pos_54	2638	275	7389	2944	4088	2355	4369	4198	2009	2727	3181	2363	3733
scanmut_nocomptransv_8_pos_55	6168	1551	8250	4544	3263	14116	3860	4815	3639	5891	809	3746	1966
scanmut_nocomptransv_8_pos_56	3049	3365	4363	10880	4948	16224	6236	2995	2689	4775	8652	5491	6675
scanmut_nocomptransv_8_pos_57	2924	3120	5335	2406	4751	4403	527	4706	6969	3924	5375	4608	2511
scanmut_nocomptransv_8_pos_58	1417	1104	1920	3370	4816	2801	2938	3701	2284	756	4612	4928	4766
scanmut_nocomptransv_8_pos_59	61	2025	4611	4275	121	1214	2455	935	1815	1291	5144	2518	1754
scanmut_nocomptransv_8_pos_60	1	3516	1305	1220	4114	2985	1511	1649	2513	2008	738	548	1900
scanmut_nocomptransv_8_pos_61	1604	2014	1708	3058	943	1450	1709	2504	1614	3785	733	1666	1771
scanmut_nocomptransv_8_pos_62	1395	1205	2327	1980	505	883	1706	1871	1566	1461	2227	669	1279
scanmut_nocomptransv_8_pos_63	1712	2964	2714	749	550	1005	2491	1361	953	2564	1366	724	1521
scanmut_nocomptransv_8_pos_64	454	496	0	722	606	1594	855	1279	766	2427	1389	344	402
scanmut_nocomptransv_8_pos_65	541	1483	696	1206	973	773	90	1025	417	554	505	518	1225
scanmut_nocomptransv_8_pos_66	1107	1708	1124	759	1416	2248	980	253	760	753	1225	1300	2166
scanmut_nocomptransv_8_pos_67	338	686	1061	1021	559	460	462	1251	1451	837	294	1865	1055
scanmut_nocomptransv_8_pos_68	904	435	918	2333	515	1031	1570	1419	1134	577	813	491	816
scanmut_nocomptransv_8_pos_69	663	1345	2399	1048	1778	1271	1130	2492	2387	981	887	2875	840
scanmut_nocomptransv_8_pos_70	1284	450	1054	458	1030	675	3332	585	864	856	518	454	1859
scanmut_nocomptransv_8_pos_71	966	342	1700	846	859	1352	1206	1170	1767	321	740	751	871
scanmut_nocomptransv_8_pos_72	797	439	1127	851	1798	772	510	1891	953	1405	915	1728	570
scanmut_nocomptransv_8_pos_73	996	789	1539	811	1312	1908	4720	978	2769	4299	1344	3823	410
scanmut_nocomptransv_8_pos_74	1512	5082	1765	1303	1237	1336	1404	1779	2895	877	812	1256	1517
scanmut_nocomptransv_8_pos_75	2456	4128	4048	1897	6504	2989	1194	2927	2506	2374	1367	4737	1923
scanmut_nocomptransv_8_pos_76	3687	1769	3024	318	1429	2803	0	1678	1265	4001	3196	4849	1079
scanmut_nocomptransv_8_pos_77	1147	7565	73	2346	5942	4344	4539	4771	973	5163	4943	1766	7296
scanmut_nocomptransv_8_pos_78	475	3974	135	519	1842	286	1313	1387	1532	1825	1145	2022	1934
scanmut_nocomptransv_8_pos_79	396	576	333	184	160	1081	356	355	593	545	516	735	217
scanmut_trans_8_pos_0	708	1182	406	629	758	681	1112	1524	2009	1126	979	1027	646
scanmut_trans_8_pos_1	4908	20	3619	9586	4206	3817	3376	4932	2748	4215	4740	3799	4408
scanmut_trans_8_pos_2	6565	1617	6636	1012	3258	4672	9857	2100	1353	3973	9339	5616	2793
scanmut_trans_8_pos_3	4944	3856	5307	7217	4593	15224	5652	2151	8252	2410	3649	5588	3148
scanmut_trans_8_pos_4	1758	1133	1710	384	539	1294	613	1463	1375	557	1158	594	399
scanmut_trans_8_pos_5	684	552	1189	1339	576	1243	184	772	2041	318	292	2022	493
scanmut_trans_8_pos_6	814	649	2283	786	2249	455	182	821	1118	450	763	950	1416
scanmut_trans_8_pos_7	470	1924	1453	436	996	1074	366	745	735	166	419	475	795
scanmut_trans_8_pos_8	3767	1699	1803	239	1217	784	831	1203	1036	1765	701	792	1724
scanmut_trans_8_pos_9	6425	3517	5139	3808	6426	7629	1152	4859	4539	9	6531	3657	3602
scanmut_trans_8_pos_10	3688	4528	3389	4984	4217	6199	13132	3408	3732	3097	9121	5337	3610
scanmut_trans_8_pos_11	7027	3664	5478	5399	4415	12432	4497	6787	3773	4538	3980	3104	4992
scanmut_trans_8_pos_12	6218	2579	3894	5591	6109	6324	1282	4958	4875	3903	8201	6513	3068
scanmut_trans_8_pos_13	2446	5325	5332	4120	1554	2702	2878	2680	1490	9875	4131	4819	4258
scanmut_trans_8_pos_14	3598	3422	5206	3771	5275	2009	4201	3397	1865	2745	2020	5760	6063
scanmut_trans_8_pos_15	2803	4649	1305	3038	3326	1213	1795	2407	3387	4904	4039	1392	4456
scanmut_trans_8_pos_16	8898	7762	5745	5381	3397	6733	8282	7113	3127	6595	4047	9691	6225
scanmut_trans_8_pos_17	4825	8284	7061	17895	5062	5384	3996	8153	14341	7150	9982	4670	9825
scanmut_trans_8_pos_18	7490	3902	8211	5883	5717	6114	3757	3727	10196	3732	3193	6293	4870
scanmut_trans_8_pos_19	4828	10313	11491	4078	7900	3370	5857	8381	6963	8244	0	6043	11979
scanmut_trans_8_pos_20	11904	8022	12596	11018	25177	13384	18423	21124	10442	8653	10330	15114	14163
scanmut_trans_8_pos_21	9979	13772	4142	4073	3613	5219	10372	7699	13588	6684	1852	9838	8684
scanmut_trans_8_pos_22	1095	29	3108	1832	961	1211	1829	1166	1755	1499	1240	1936	1410
scanmut_trans_8_pos_23	0	1566	11113	5187	4412	4519	5382	7115	2888	4069	5053	5552	5983
scanmut_trans_8_pos_24	13005	18672	8022	8072	10357	6476	6675	7973	6418	8770	13703	6661	8924
scanmut_trans_8_pos_25	5785	4510	3835	6983	3111	6141	5125	4164	5905	4303	2618	3212	10
scanmut_trans_8_pos_26	5785	3333	4438	6252	7009	10523	3130	4724	3189	5438	14999	7733	6559
scanmut_trans_8_pos_27	3433	2645	3380	8662	5044	9267	2526	1236	2258	3384	3584	1353	2313
scanmut_trans_8_pos_28	4978	6125	3254	8825	6859	26573	4298	4498	9254	7771	3271	11446	7320
scanmut_trans_8_pos_29	7323	3230	5018	6740	8487	4843	5302	6061	8068	214	3586	10952	2752
scanmut_trans_8_pos_30	3836	7161	3628	3697	5899	16318	7887	4649	6146	7930	6654	7472	3897
scanmut_trans_8_pos_31	1927	7138	4978	4063	5429	3270	4822	4422	1135	3475	8279	3536	3406
scanmut_trans_8_pos_32	127	0	866	2036	1806	2224	2527	8322	2658	1399	1383	1016	1366
scanmut_trans_8_pos_33	1843	4614	4465	2891	3238	3216	5751	1863	1913	2502	853	1536	1403
scanmut_trans_8_pos_34	7566	2432	1744	3611	3428	1963	2695	3457	2702	2013	2977	106	1195
scanmut_trans_8_pos_35	4206	1987	4339	4341	1522	1598	2479	2885	2385	1475	1580	2231	1408
scanmut_trans_8_pos_36	5346	3776	2282	2316	3142	2692	4633	5874	2294	3093	4819	2421	2653
scanmut_trans_8_pos_37	2933	2544	2192	1713	1411	468	4209	1015	1291	2576	1273	2400	1633
scanmut_trans_8_pos_38	2255	1656	1853	493	2812	4330	2085	7052	1923	2604	2963	1471	1494
scanmut_trans_8_pos_39	3596	2573	2906	730	1161	5338	3724	2376	2527	1860	2351	1102	1358
scanmut_trans_8_pos_40	1827	1504	2029	1415	993	1084	3360	2572	2246	2011	1736	552	1317
scanmut_trans_8_pos_41	1215	2777	1104	2489	1098	896	830	5310	1664	1478	2737	1431	896
scanmut_trans_8_pos_42	990	1852	1644	2357	2245	1729	483	3777	5365	1899	2687	1259	1634
scanmut_trans_8_pos_43	1302	1162	2679	1870	1333	1792	944	2953	3026	5273	1965	14	1874
scanmut_trans_8_pos_44	1521	1757	1183	2156	3173	2125	517	2946	2471	1015	1295	3063	1470
scanmut_trans_8_pos_45	4336	3206	2400	1659	2962	5644	5526	2767	3281	4287	1581	1147	1825
scanmut_trans_8_pos_46	2845	2639	4210	1513	2651	4930	2374	2416	1570	1453	3170	2884	815
scanmut_trans_8_pos_47	2224	3117	903	2335	4053	2374	1468	1249	2749	2997	2171	2285	2403
scanmut_trans_8_pos_48	2820	2112	1536	3351	1167	3755	1740	1579	3642	265	3688	2241	1216
scanmut_trans_8_pos_49	1838	1326	2522	1763	5161	1150	381	1944	3613	1619	1083	3072	3445
scanmut_trans_8_pos_50	1251	466	1579	1863	765	2253	226	755	565	753	1543	597	646
scanmut_trans_8_pos_51	3223	909	1358	3514	6826	2304	1939	2578	2161	1348	2262	1973	3944
scanmut_trans_8_pos_52	502	1502	2116	1332	2364	2721	2907	2764	845	5289	131	2154	2850
scanmut_trans_8_pos_53	710	1155	1667	1702	360	1067	598	1227	1563	1614	995	1192	1625
scanmut_trans_8_pos_54	3622	3404	1744	2568	2199	2309	666	1883	2538	2500	1932	2343	1889
scanmut_trans_8_pos_55	3214	4197	3793	4805	4713	3193	1585	2730	2827	1796	5766	1237	1021
scanmut_trans_8_pos_56	3737	5109	15311	6442	3703	1645	4112	6540	2129	5155	10113	3674	2973
scanmut_trans_8_pos_57	9007	18075	5100	5428	11606	5674	3379	4289	8248	3664	5714	4638	6027
scanmut_trans_8_pos_58	4515	6952	5211	5414	3308	3994	4796	3928	6492	4080	4484	9536	6233
scanmut_trans_8_pos_59	9715	2824	3412	7626	3563	4295	5825	3010	2581	4362	4784	4050	6974
scanmut_trans_8_pos_60	697	1196	1813	2202	1847	2010	1380	1185	1231	3794	811	2363	811
scanmut_trans_8_pos_61	1811	2502	2401	2326	730	1715	3560	3288	2732	1595	3042	1751	1496
scanmut_trans_8_pos_62	6623	2347	1496	1666	3052	2037	1196	3126	2765	3527	2624	5021	3880
scanmut_trans_8_pos_63	0	1195	1141	1523	3457	1149	1749	609	2099	1414	2609	1804	1791
scanmut_trans_8_pos_64	1994	1701	4584	3157	3043	2496	2130	4350	1253	548	699	1269	1449
scanmut_trans_8_pos_65	1039	1710	2148	409	568	699	1780	1063	844	1830	2243	488	1595
scanmut_trans_8_pos_66	1680	777	1311	709	2714	989	448	1938	948	617	827	1502	872
scanmut_trans_8_pos_67	540	1175	495	928	1920	803	1206	516	1281	1196	830	716	1927
scanmut_trans_8_pos_68	1943	1186	536	1409	2204	1855	1589	1484	341	1431	2633	801	893
scanmut_trans_8_pos_69	350	1239	625	985	2139	2045	1515	2302	1126	1103	180	1229	3634
scanmut_trans_8_pos_70	2140	471	325	1724	667	661	732	1141	492	268	455	659	928
scanmut_trans_8_pos_71	333	858	360	992	378	1220	737	697	2406	1217	1094	668	365
scanmut_trans_8_pos_72	406	497	720	626	900	764	262	1302	891	1288	2178	542	1254
scanmut_trans_8_pos_73	398	756	306	725	1281	447	598	1114	1712	1661	485	414	520
scanmut_trans_8_pos_74	1588	1081	1080	573	654	1579	685	579	430	404	1957	247	1720
scanmut_trans_8_pos_75	501	1139	1211	933	575	965	1129	1174	611	1032	2006	1161	471
scanmut_trans_8_pos_76	2074	1015	982	3327	895	994	1287	1624	417	488	586	465	976
scanmut_trans_8_pos_77	845	1457	1642	2539	4294	722	1639	1906	817	1833	1372	1182	1052
scanmut_trans_8_pos_78	6484	322	243	745	350	1942	2170	1484	2342	1427	2320	378	987
scanmut_trans_8_pos_79	2509	1823	2163	1873	1142	2930	3531	162	4342	3795	2191	3454	1678
scanmut_split_revcomp_right_0_87_offset_1	1878	857	1092	1503	1266	2132	1756	274	1428	2273	680	1823	1868
scanmut_split_revcomp_right_0_87_offset_2	4540	2120	6631	4884	4586	4286	6471	3878	4414	13471	2855	3379	4680
scanmut_split_revcomp_right_0_87_offset_3	4358	3676	2816	2709	7324	4552	3429	3437	3861	2043	6461	4107	3251
scanmut_split_revcomp_right_0_87_offset_4	1707	3300	10302	3988	1675	1496	2247	6300	8468	1	9061	4735	2219
scanmut_split_revcomp_right_0_87_offset_5	3039	1561	659	1760	5001	2412	948	7093	3324	4077	3809	1396	4243
scanmut_split_revcomp_right_0_87_offset_6	4709	6005	6366	5753	3131	3423	2908	2063	2195	8900	8096	4713	7685
scanmut_split_revcomp_right_0_87_offset_7	6439	3656	9475	5596	6881	4355	7985	7018	7220	4686	9264	6175	7399
scanmut_split_revcomp_right_0_87_offset_8	3943	3293	5302	4072	4721	2711	1643	10334	1637	6622	4237	2809	4446
scanmut_split_revcomp_right_0_87_offset_9	14320	16000	9672	12193	9705	5667	11920	27024	5716	4319	5736	6066	11170
scanmut_split_revcomp_right_0_87_offset_10	9157	7810	29191	15908	15062	9412	4682	5017	25786	8378	7739	6755	7150
scanmut_split_revcomp_right_0_87_offset_11	2165	772	1566	2172	3600	3255	4248	1998	2322	5307	3041	2253	3126
scanmut_split_revcomp_right_0_87_offset_12	3005	9809	3644	6327	8479	5089	3917	4754	16939	5605	4217	9264	820
scanmut_split_revcomp_right_0_87_offset_13	5204	5153	5635	7429	14277	8498	5977	3360	5867	16617	2933	4416	16092
scanmut_split_revcomp_right_0_87_offset_14	900	1199	574	624	1729	1971	678	1307	1364	603	917	2865	1762
scanmut_split_revcomp_right_0_87_offset_15	4450	6510	4631	10579	5971	4856	2115	3287	3168	7425	2753	12119	1023
scanmut_split_revcomp_right_0_87_offset_16	1280	2047	3341	3778	518	639	1361	1402	526	518	817	1891	1425
scanmut_split_revcomp_right_0_87_offset_17	3316	1099	3073	1611	3314	2048	2813	1353	2459	1581	2529	3239	1764
scanmut_split_revcomp_right_0_87_offset_18	7581	3085	1304	3647	2836	4204	2392	3082	377	5922	8862	3175	2991
scanmut_split_revcomp_right_0_87_offset_19	11832	8945	14095	19571	9270	11028	16973	17865	4118	18358	8431	8063	12630
scanmut_split_revcomp_right_0_87_offset_20	6455	4811	3973	10028	3715	10377	5145	8995	524	13113	4879	4573	5909
scanmut_split_revcomp_right_0_87_offset_21	2	1312	838	2248	1522	2612	2667	2707	1351	1626	1953	9616	6485
scanmut_split_revcomp_right_0_87_offset_22	5051	7405	5712	8200	1485	9078	7007	6526	3626	6291	10059	1673	6811
scanmut_split_revcomp_right_0_87_offset_23	2328	1725	2959	1104	5456	1702	2606	2822	1140	1217	2067	2804	3344
scanmut_split_revcomp_right_0_87_offset_24	3521	3283	879	2025	3953	3534	1469	2648	2029	3618	1589	4008	1023
scanmut_split_revcomp_right_0_87_offset_25	4449	3485	2101	5027	2679	690	2077	3083	1999	4754	6543	3478	2073
scanmut_split_revcomp_right_0_87_offset_26	2431	717	654	785	509	727	409	117	1	211	481	338	555
scanmut_split_revcomp_right_0_87_offset_27	2153	4566	3787	5106	3596	2797	1661	2459	2545	3037	1683	1883	3299
scanmut_split_revcomp_right_0_87_offset_28	1751	6534	3288	11345	4733	2636	6746	2708	3528	1560	4106	3269	3490
scanmut_split_revcomp_right_0_87_offset_29	2717	2710	1659	2261	4566	2763	3960	3454	1531	6351	1592	2301	1262
scanmut_split_revcomp_right_0_87_offset_30	4436	4102	4239	2867	4313	1587	3144	2683	3613	1885	3763	2070	4022
scanmut_split_revcomp_right_0_87_offset_31	1145	3235	3431	2860	4079	12342	1356	1915	2865	1772	5736	3948	4334
scanmut_split_revcomp_right_0_87_offset_32	9369	17589	10727	10665	4999	2203	9534	9251	6267	12388	5867	8215	7387
scanmut_split_revcomp_right_0_87_offset_33	758	0	73	880	219	143	166	215	753	354	324	804	166
scanmut_split_revcomp_right_0_87_offset_34	2810	1132	1948	3534	3735	1734	2002	1702	4995	4712	1298	3377	4655
scanmut_split_revcomp_right_0_87_offset_35	15292	3297	2575	4990	6966	8508	4743	5222	2668	3625	1723	6642	4665
scanmut_split_revcomp_right_0_87_offset_36	1595	1131	771	5475	856	677	1836	1604	3513	2954	2060	1250	1929
scanmut_split_revcomp_right_0_87_offset_37	1340	1033	801	1958	1272	2860	2967	739	1094	876	1631	629	1753
scanmut_split_revcomp_right_0_87_offset_38	5079	1987	3574	3240	2950	3260	3721	3322	2353	3185	2617	2700	803
scanmut_split_revcomp_right_0_87_offset_39	776	1076	573	665	719	1068	897	17	2128	1583	580	775	683
scanmut_split_revcomp_right_0_87_offset_40	183	536	909	421	501	383	393	865	723	625	1929	885	684
scanmut_split_revcomp_right_0_87_offset_41	2547	2301	2024	2283	3295	1254	4426	922	3121	2385	9488	2273	4414
scanmut_split_revcomp_right_0_87_offset_42	1221	1421	502	868	770	206	333	378	1042	979	1393	690	1035
scanmut_split_revcomp_right_0_87_offset_43	10360	1108	6283	8192	15155	4100	12009	10157	3832	2779	5767	402	11579
scanmut_split_revcomp_right_0_87_offset_44	3678	7601	6322	3906	418	2197	6927	3757	4324	2137	5817	2467	1324
scanmut_split_revcomp_right_0_87_offset_45	1026	1946	0	611	3504	1448	2086	1453	1870	935	4012	924	3335
scanmut_split_revcomp_right_0_87_offset_46	6339	8312	6830	5111	6559	610	3595	11957	12026	22078	14133	6104	5330
scanmut_split_revcomp_right_0_87_offset_47	841	1348	3396	1149	1773	456	1944	532	845	377	722	1366	1631
scanmut_split_revcomp_right_0_87_offset_48	1168	1309	912	3100	2129	933	2838	1161	2604	2724	1059	1083	888
scanmut_split_revcomp_right_0_87_offset_49	645	2103	2699	2783	3899	1499	1026	528	716	2511	3145	1960	1146
scanmut_split_revcomp_right_0_87_offset_50	524	708	275	560	612	181	131	455	378	35	321	69	850
scanmut_split_revcomp_right_0_87_offset_51	2384	4254	2135	2715	2351	877	6401	2673	4539	2405	1228	691	2474
scanmut_split_revcomp_right_0_87_offset_52	233	1388	511	446	733	84	176	833	714	603	976	431	986
scanmut_split_revcomp_right_0_87_offset_53	4718	3425	4030	1668	2898	1473	2078	1262	588	1715	5341	3209	2250
scanmut_split_revcomp_right_0_87_offset_54	1994	4343	2308	1125	4074	4109	1068	1047	2799	2073	2493	2813	1775
scanmut_split_revcomp_right_0_87_offset_55	6834	1152	3429	3600	10254	2644	1409	1748	6012	3603	4942	797	1836
scanmut_split_revcomp_right_0_87_offset_56	2827	9076	2144	2907	1227	2018	6682	3151	3721	3592	3975	4116	1179
scanmut_split_revcomp_right_0_87_offset_57	1744	4541	2655	4176	3412	3251	4914	2209	2645	3491	2545	2786	9050
scanmut_split_revcomp_right_0_87_offset_58	2542	6713	3483	7347	5498	4637	3191	8614	5179	3908	7052	3702	11474
scanmut_split_revcomp_right_0_87_offset_59	3530	1054	2889	3532	4145	6059	2340	2630	3277	952	2323	4880	5606
scanmut_split_revcomp_right_0_87_offset_60	12298	3591	10478	9249	14974	9389	18274	25097	9438	11031	4590	7978	12156
scanmut_split_revcomp_right_0_87_offset_61	5524	1037	2887	4728	4000	3173	2302	1212	7128	2307	5589	2865	3158
scanmut_split_revcomp_right_0_87_offset_62	6136	12727	9545	8234	7123	13542	4788	22943	15009	3312	5363	12407	15052
scanmut_split_revcomp_right_0_87_offset_63	26	2185	2667	3055	709	2561	440	4617	1942	370	1544	2348	578
scanmut_split_revcomp_right_0_87_offset_64	2968	3451	2129	3778	3217	4138	2299	2572	2924	1649	3072	4037	1488
scanmut_split_revcomp_right_0_87_offset_65	3171	5718	2505	1750	2239	3324	2720	5604	3894	648	2363	1249	5442
scanmut_split_revcomp_right_0_87_offset_66	1521	4697	1844	3393	6093	2803	3422	1520	3742	6761	7599	1921	2591
scanmut_split_revcomp_right_0_87_offset_67	20717	4609	5483	5325	4060	9747	7300	2870	5665	10374	4181	4588	7409
scanmut_split_revcomp_right_0_87_offset_68	1025	983	912	2391	595	737	325	447	787	1337	270	686	1174
scanmut_split_revcomp_right_0_87_offset_69	531	1070	319	344	778	658	911	1181	1873	264	636	1441	633
scanmut_split_revcomp_right_0_87_offset_70	1892	5223	3173	2274	2259	2377	2174	2281	1764	5423	2247	3473	3738
scanmut_split_revcomp_right_0_87_offset_71	1163	5449	199	1492	1523	1931	2497	1777	3457	3059	4155	2254	3990
scanmut_split_revcomp_right_0_87_offset_72	541	583	161	446	456	488	444	214	282	120	754	634	348
scanmut_split_revcomp_right_0_87_offset_73	1089	2472	847	1115	1221	2190	1106	1179	1059	1241	425	872	653
scanmut_split_revcomp_right_0_87_offset_74	82	1240	277	102	126	276	319	1053	587	308	113	295	567
scanmut_split_revcomp_right_0_87_offset_75	619	1441	708	849	710	2078	1110	1301	1434	384	1172	1405	650
scanmut_split_revcomp_right_0_87_offset_76	566	1823	600	329	2562	1259	1736	1730	2709	891	1902	698	1095
scanmut_split_revcomp_right_0_87_offset_77	6170	3727	5391	4463	2875	4968	2026	6030	4486	3411	10200	5965	2271
scanmut_split_revcomp_right_0_87_offset_78	111	279	142	506	845	524	117	168	196	169	18	55	312
scanmut_split_revcomp_right_0_87_offset_79	2008	14679	2825	539	1410	970	1193	304	3097	4658	438	1838	1029
scanmut_split_revcomp_right_0_87_offset_80	1677	2299	3282	2143	2663	638	3434	4262	3137	4210	5608	1404	3412
scanmut_split_revcomp_right_0_87_offset_81	7762	4524	3298	4638	5685	2322	1717	6346	5176	9135	5209	4254	4911
scanmut_split_revcomp_right_0_87_offset_82	2264	1496	2045	4306	2360	4223	2426	2689	3520	1064	3347	1269	3391
scanmut_split_revcomp_right_0_87_offset_83	3315	6768	1861	7460	2485	3519	3999	3029	2037	1499	2704	3760	2635
scanmut_split_revcomp_right_0_87_offset_84	5461	2010	5120	3603	2363	4551	2203	2119	3290	2699	4497	3606	5864
scanmut_split_revcomp_right_0_87_offset_85	2760	3008	1205	3370	5304	1538	1509	1549	1063	4569	3793	3406	2050
scanmut_split_revcomp_right_0_87_offset_86	1079	1190	698	3099	892	1385	1190	3486	4822	2893	1848	2081	2143
scanmut_split_revcomp_left_0_87_offset_1	654	3227	483	1451	2789	532	1223	2054	49	3199	3609	666	341
scanmut_split_revcomp_left_0_87_offset_2	677	4338	2997	11526	8947	8951	4492	3700	4866	5646	6041	4528	11545
scanmut_split_revcomp_left_0_87_offset_3	899	2214	3979	1480	1508	892	1530	1460	2149	1383	1834	1181	723
scanmut_split_revcomp_left_0_87_offset_4	4249	4673	4902	3358	1310	4049	11202	6208	2087	2929	1139	4030	663
scanmut_split_revcomp_left_0_87_offset_5	2889	3214	2115	2244	2458	817	3847	2234	1757	1400	3311	1031	1395
scanmut_split_revcomp_left_0_87_offset_6	2325	745	1632	1914	1643	3099	744	2599	897	736	1253	873	1171
scanmut_split_revcomp_left_0_87_offset_7	1788	1748	1130	1220	2383	457	735	842	2032	2946	1894	1088	1475
scanmut_split_revcomp_left_0_87_offset_8	762	714	3556	392	852	948	409	872	779	1586	1047	553	612
scanmut_split_revcomp_left_0_87_offset_9	954	630	1870	10812	6126	1585	1727	3261	2730	1238	4083	2343	1851
scanmut_split_revcomp_left_0_87_offset_10	13790	6948	12666	3856	4344	6033	4450	4130	3101	8668	3531	9354	6543
scanmut_split_revcomp_left_0_87_offset_11	24004	3747	5010	5793	4544	5123	7061	3795	2364	14164	33819	2193	3800
scanmut_split_revcomp_left_0_87_offset_12	3345	2272	4079	2142	3924	2435	2833	1712	3417	4080	4226	1773	4912
scanmut_split_revcomp_left_0_87_offset_13	434	790	3733	1604	1047	2618	2133	1613	159	447	67	2292	6
scanmut_split_revcomp_left_0_87_offset_14	1690	1719	751	916	1341	607	683	1481	1420	1423	2618	3976	4662
scanmut_split_revcomp_left_0_87_offset_15	5622	4836	1092	2967	1964	7921	3895	1057	5404	5682	6294	2987	4701
scanmut_split_revcomp_left_0_87_offset_16	3887	12453	4209	3428	2090	5808	2426	2427	3852	1549	3659	9083	3301
scanmut_split_revcomp_left_0_87_offset_17	3643	3407	2318	3680	2112	2968	1910	2543	2426	2779	843	1916	2230
scanmut_split_revcomp_left_0_87_offset_18	2133	451	307	509	1418	352	1957	1951	1220	4660	1290	334	83
scanmut_split_revcomp_left_0_87_offset_19	1848	5755	6156	16770	3208	5006	6876	2639	5229	6439	3575	4327	2495
scanmut_split_revcomp_left_0_87_offset_20	19296	21801	11166	6856	11698	9903	9535	22552	15104	10795	17459	7543	406
scanmut_split_revcomp_left_0_87_offset_21	10675	8481	6538	9761	10536	9095	5961	6804	7420	8117	10549	4903	6481
scanmut_split_revcomp_left_0_87_offset_22	14084	17358	7587	7535	6757	7647	12856	28756	7161	11004	13032	8605	11726
scanmut_split_revcomp_left_0_87_offset_23	9182	5502	5319	10821	5193	11061	7574	6577	7505	9677	4682	12177	6502
scanmut_split_revcomp_left_0_87_offset_24	6593	8054	6477	5812	11704	13678	10265	9934	5027	11956	3524	12687	16835
scanmut_split_revcomp_left_0_87_offset_25	5366	8770	13616	10356	8790	12482	8238	22308	8239	6257	7611	17703	10242
scanmut_split_revcomp_left_0_87_offset_26	14650	7370	7321	5972	13903	5369	13880	3437	13776	11277	11829	10789	14021
scanmut_split_revcomp_left_0_87_offset_27	7140	5193	16921	12401	15926	4567	9392	14671	7249	10021	17335	5569	6760
scanmut_split_revcomp_left_0_87_offset_28	23112	10951	17239	9566	44766	20368	17967	26294	19646	9126	35812	27271	19683
scanmut_split_revcomp_left_0_87_offset_29	6393	4796	23148	7603	796	3299	3802	15752	4630	6457	7455	8264	3817
scanmut_split_revcomp_left_0_87_offset_30	10588	10084	6117	7554	2650	13897	27076	10160	11007	9398	12729	8587	8757
scanmut_split_revcomp_left_0_87_offset_31	6130	5912	7369	4716	13021	5705	4893	5687	6711	8386	3024	4489	8767
scanmut_split_revcomp_left_0_87_offset_32	5280	2678	3877	12055	4424	7106	3911	7258	2963	5739	3799	6599	1720
scanmut_split_revcomp_left_0_87_offset_33	5651	4641	11253	9901	15384	3149	7884	4016	5135	9690	9305	11204	11752
scanmut_split_revcomp_left_0_87_offset_34	3276	6535	12684	8106	6753	11142	6373	24309	9434	3987	5678	3949	3053
scanmut_split_revcomp_left_0_87_offset_35	7358	11034	8962	16719	7675	1788	9929	7194	29715	7626	12785	14960	11635
scanmut_split_revcomp_left_0_87_offset_36	3394	7319	12322	5241	8351	5486	2540	6895	16603	7772	4668	14892	6839
scanmut_split_revcomp_left_0_87_offset_37	1677	1894	3457	1600	1087	3571	2873	633	1490	1603	1005	1358	994
scanmut_split_revcomp_left_0_87_offset_38	7041	11700	8155	9369	11296	5679	2196	5576	4869	3812	3840	5375	8618
scanmut_split_revcomp_left_0_87_offset_39	464	1321	557	308	811	1646	238	503	909	84	864	44	987
scanmut_split_revcomp_left_0_87_offset_40	210	837	770	870	494	1677	2971	1553	543	2052	667	1728	1427
scanmut_split_revcomp_left_0_87_offset_41	2856	1281	692	2041	4860	1690	1262	1339	1949	4849	2248	1264	2105
scanmut_split_revcomp_left_0_87_offset_42	250	1318	1935	2096	4518	1862	2158	777	1837	1992	2760	3919	1335
scanmut_split_revcomp_left_0_87_offset_43	1969	2618	2491	4202	2312	2425	1517	2618	2712	5020	991	1946	1919
scanmut_split_revcomp_left_0_87_offset_44	1716	2438	2947	2552	15667	2163	3464	4221	1810	8287	4551	4225	2783
scanmut_split_revcomp_left_0_87_offset_45	4177	2001	2570	12353	9223	2620	7407	1702	2877	6860	5444	1684	4607
scanmut_split_revcomp_left_0_87_offset_46	4646	1000	3620	2623	3138	4590	6812	6741	2105	1802	5041	2750	2394
scanmut_split_revcomp_left_0_87_offset_47	5578	4735	21298	13011	4398	5308	3655	3636	5671	3775	8786	2614	5598
scanmut_split_revcomp_left_0_87_offset_48	1742	2226	3129	2944	4000	987	7154	3330	3069	3021	2467	4932	4400
scanmut_split_revcomp_left_0_87_offset_49	472	3272	3800	7388	4282	8613	4918	8242	3944	3635	3860	4887	2085
scanmut_split_revcomp_left_0_87_offset_50	6318	2301	2419	7349	5303	1934	2798	1324	3781	2577	8509	2515	2794
scanmut_split_revcomp_left_0_87_offset_51	4479	3495	4075	2962	2719	3357	6086	1568	1505	2669	4882	5388	8389
scanmut_split_revcomp_left_0_87_offset_52	1719	3419	5872	5087	2199	2484	1969	3774	1586	3595	4496	8313	4143
scanmut_split_revcomp_left_0_87_offset_53	5606	4182	4475	8642	8931	7820	10591	8223	17650	6463	7508	9771	1473
scanmut_split_revcomp_left_0_87_offset_54	3137	21834	10954	4534	4208	5120	145	7269	2518	3486	5988	6846	7946
scanmut_split_revcomp_left_0_87_offset_55	15152	6573	7234	7084	8107	15210	2249	5060	10241	22649	11034	12619	8400
scanmut_split_revcomp_left_0_87_offset_56	2496	4833	5395	7092	5575	4883	5032	3309	5140	10102	5172	11361	3241
scanmut_split_revcomp_left_0_87_offset_57	11656	10922	9664	7159	21038	7610	9410	8616	5300	8792	8421	10828	10061
scanmut_split_revcomp_left_0_87_offset_58	2865	21131	5585	5320	10982	10477	10491	4529	7861	10816	6756	4458	14912
scanmut_split_revcomp_left_0_87_offset_59	2349	1380	1829	2043	1907	502	2794	1767	1143	997	1557	374	1007
scanmut_split_revcomp_left_0_87_offset_60	3200	15555	8227	6416	5607	18612	12170	11271	6875	25594	11487	9651	9343
scanmut_split_revcomp_left_0_87_offset_61	8745	9373	6616	34130	9725	4908	6770	9665	42565	7424	9380	3350	6566
scanmut_split_revcomp_left_0_87_offset_62	2328	6583	6204	6207	3969	5283	2894	5304	2263	5461	5969	4856	6182
scanmut_split_revcomp_left_0_87_offset_63	1898	1821	713	1438	1065	187	338	1084	328	457	694	277	1874
scanmut_split_revcomp_left_0_87_offset_64	3979	4258	1428	4910	3025	2087	5907	5361	6160	4401	1237	3545	2352
scanmut_split_revcomp_left_0_87_offset_65	7235	7769	4168	6622	5513	3806	8801	2449	9041	2069	7699	10998	5142
scanmut_split_revcomp_left_0_87_offset_66	4639	5791	3593	3180	1773	5579	6597	2122	3072	13786	3644	4227	4978
scanmut_split_revcomp_left_0_87_offset_67	2374	6034	9285	5828	21663	16651	11503	6550	14350	1050	5981	6268	5178
scanmut_split_revcomp_left_0_87_offset_68	5378	5046	5104	9112	6977	2808	2257	851	3172	4358	5321	5011	4568
scanmut_split_revcomp_left_0_87_offset_69	2991	1535	2738	1952	3522	3683	2726	2191	848	3516	3121	5644	2729
scanmut_split_revcomp_left_0_87_offset_70	1990	2131	1919	8030	1018	1139	2660	1070	1929	1704	4669	651	4870
scanmut_split_revcomp_left_0_87_offset_71	2173	2886	2831	2732	1367	2468	1043	4005	844	3580	1658	2237	2239
scanmut_split_revcomp_left_0_87_offset_72	1383	8614	2392	4122	1547	1521	2042	639	579	2968	2462	1995	3076
scanmut_split_revcomp_left_0_87_offset_73	2141	1343	6406	6020	2647	12026	3396	1190	4976	1933	518	2817	1688
scanmut_split_revcomp_left_0_87_offset_74	4209	2370	4005	2871	1979	3681	3024	2488	4781	2304	2174	1950	2311
scanmut_split_revcomp_left_0_87_offset_75	10210	3809	2568	3939	4655	1983	1099	3460	5010	2382	2482	2483	1475
scanmut_split_revcomp_left_0_87_offset_76	205	996	594	273	1425	932	1323	1011	278	867	575	858	749
scanmut_split_revcomp_left_0_87_offset_77	186	462	259	1451	113	134	179	230	102	317	83	512	190
scanmut_split_revcomp_left_0_87_offset_78	188	527	340	488	666	889	971	778	759	486	35	711	712
scanmut_split_revcomp_left_0_87_offset_79	2365	1763	2912	3003	4162	3552	1396	3418	2510	1967	5742	2139	2196
scanmut_split_revcomp_left_0_87_offset_80	7123	6940	5361	3126	3474	16458	6547	8136	3918	16104	5317	5601	4879
scanmut_split_revcomp_left_0_87_offset_81	5918	5521	3373	5523	5958	2613	5701	4157	4545	4794	4152	4005	2482
scanmut_split_revcomp_left_0_87_offset_82	1866	4071	3376	5194	6853	3854	2641	4635	2384	4418	4123	2492	5111
scanmut_split_revcomp_left_0_87_offset_83	2958	5633	12811	6442	13590	8211	9703	4491	7332	8721	7917	5516	6043
scanmut_split_revcomp_left_0_87_offset_84	21897	2767	4763	12099	8795	4912	12464	8176	5543	7626	5690	2494	8047
scanmut_split_revcomp_left_0_87_offset_85	12398	7180	9902	5639	11679	13169	7747	2081	7780	4093	8023	5972	3666
scanmut_split_revcomp_left_0_87_offset_86	7045	1484	458	6178	9591	5895	5125	3936	4598	4495	3500	5762	5649
scanmut_insertleft_TTAGC_pos_0	1981	3279	1620	903	2940	3391	1264	1963	1467	1097	648	916	1151
scanmut_insertleft_TTAGC_pos_1	1313	2317	3956	1996	802	3696	9067	2687	1690	1490	4171	3107	2126
scanmut_insertleft_TTAGC_pos_2	1539	754	2001	3215	636	3346	3465	1975	2714	2805	3129	5854	2870
scanmut_insertleft_TTAGC_pos_3	2404	1343	1367	9948	2373	3313	1720	3246	1958	1994	5002	4433	5778
scanmut_insertleft_TTAGC_pos_4	1488	2477	1939	6358	2854	5009	4750	684	2041	3901	2175	4164	4016
scanmut_insertleft_TTAGC_pos_5	3513	4838	2426	9964	3559	6427	4234	4250	10271	5926	5100	8871	6219
scanmut_insertleft_TTAGC_pos_6	8701	5176	11028	9569	6534	6012	8654	7815	16988	8246	21962	10079	7474
scanmut_insertleft_TTAGC_pos_7	3531	8411	3771	21318	10490	4419	2896	4979	3883	6689	7709	7873	2948
scanmut_insertleft_TTAGC_pos_8	7909	4187	1770	5584	4215	5418	9264	4822	3826	4977	3070	7348	4339
scanmut_insertleft_TTAGC_pos_9	2275	1502	2540	7671	15279	3465	3244	2888	4644	2813	5742	3444	3566
scanmut_insertleft_TTAGC_pos_10	4943	2592	3937	7305	5978	6544	7269	11893	8049	5992	7776	5125	5035
scanmut_insertleft_TTAGC_pos_11	2546	2968	3736	3608	2139	5799	4266	4355	1561	3843	8127	4642	4910
scanmut_insertleft_TTAGC_pos_12	4453	6899	4503	2038	5752	7687	4467	6168	5837	4138	3796	7182	2181
scanmut_insertleft_TTAGC_pos_13	3702	10543	3615	2617	5663	3637	2195	2616	5030	2255	6717	7812	3927
scanmut_insertleft_TTAGC_pos_14	10027	5413	7359	18627	1710	4764	8906	3407	3263	4311	6853	5756	3793
scanmut_insertleft_TTAGC_pos_15	14519	2603	6007	13978	2824	8706	8813	13059	3209	17088	12910	14245	3198
scanmut_insertleft_TTAGC_pos_16	5498	3419	12237	8316	6141	3434	1709	2550	2016	4371	5252	5548	3291
scanmut_insertleft_TTAGC_pos_17	5865	6282	8376	5297	9341	3796	1952	5789	3301	8930	4753	27236	7341
scanmut_insertleft_TTAGC_pos_18	4129	8813	18465	6482	4606	6111	4539	6677	5576	6573	7271	620	3855
scanmut_insertleft_TTAGC_pos_19	8775	6357	8082	3916	24070	6766	6395	1468	6418	4585	5454	12043	4390
scanmut_insertleft_TTAGC_pos_20	10597	11295	1316	6156	9178	16730	5172	4559	7054	16544	7736	4758	3543
scanmut_insertleft_TTAGC_pos_21	5547	4307	7055	9420	8341	3619	5344	7431	3795	10571	6560	6542	8484
scanmut_insertleft_TTAGC_pos_22	1724	637	963	3027	1181	552	683	2008	1864	974	370	476	320
scanmut_insertleft_TTAGC_pos_23	1521	1630	2190	2561	5450	3779	1900	630	2457	2788	1692	1607	2714
scanmut_insertleft_TTAGC_pos_24	1628	3069	410	1728	393	3698	3570	1401	1561	1911	1742	1032	1432
scanmut_insertleft_TTAGC_pos_25	2573	2154	499	4283	922	225	2618	1568	4311	1710	2080	2016	2408
scanmut_insertleft_TTAGC_pos_26	1693	993	3614	979	1036	841	1601	619	2612	1438	2694	864	405
scanmut_insertleft_TTAGC_pos_27	1958	2342	2187	1335	3334	4749	952	869	642	2063	1074	2211	2689
scanmut_insertleft_TTAGC_pos_28	394	2286	2724	451	1318	2123	11	1602	635	1869	1627	5045	3036
scanmut_insertleft_TTAGC_pos_29	2038	1407	754	1373	2541	783	774	1993	2274	525	1616	1215	248
scanmut_insertleft_TTAGC_pos_30	96	459	1813	2560	1990	1705	845	835	3059	1258	1662	1561	313
scanmut_insertleft_TTAGC_pos_31	456	1261	2574	1001	811	2863	5457	839	1838	2039	3610	1504	3698
scanmut_insertleft_TTAGC_pos_32	3753	658	1418	1265	920	2061	2855	1673	2856	2357	3121	2626	1650
scanmut_insertleft_TTAGC_pos_33	1955	3297	1940	4427	644	735	1557	1760	2148	1759	1420	358	2668
scanmut_insertleft_TTAGC_pos_34	1867	3905	4120	447	2980	2233	642	1758	1112	796	4112	3207	1614
scanmut_insertleft_TTAGC_pos_35	2760	1688	1774	966	2528	1759	891	1169	2049	2053	699	1618	1198
scanmut_insertleft_TTAGC_pos_36	1375	1689	785	567	1675	3268	1808	989	416	2802	670	2214	1856
scanmut_insertleft_TTAGC_pos_37	2659	2039	1090	1312	1249	841	3459	586	1504	3093	3136	691	1706
scanmut_insertleft_TTAGC_pos_38	1013	2440	3964	1893	1417	1764	1213	1905	1219	962	1050	1548	1116
scanmut_insertleft_TTAGC_pos_39	1934	996	1969	704	1521	1675	1712	1898	1134	3672	1942	2098	1146
scanmut_insertleft_TTAGC_pos_40	1890	2496	1511	924	1568	834	2944	1246	1499	2122	1634	2020	1817
scanmut_insertleft_TTAGC_pos_41	1928	1168	859	2142	1818	575	2518	1962	1670	2092	1105	1362	801
scanmut_insertleft_TTAGC_pos_42	3267	5270	778	3640	3515	4323	3210	2036	6	4960	3493	3626	3697
scanmut_insertleft_TTAGC_pos_43	1199	2105	2803	3490	867	1190	1944	1517	399	978	731	343	2348
scanmut_insertleft_TTAGC_pos_44	689	375	1722	1484	2296	855	748	1166	2996	975	467	972	976
scanmut_insertleft_TTAGC_pos_45	880	1279	704	260	1198	684	2957	1184	1744	1567	697	712	958
scanmut_insertleft_TTAGC_pos_46	1126	264	635	946	543	496	2001	2140	1284	641	1088	1199	835
scanmut_insertleft_TTAGC_pos_47	514	1340	1098	1183	1018	920	271	931	945	1484	1843	2857	454
scanmut_insertleft_TTAGC_pos_48	1522	283	1867	1330	964	1668	955	682	613	1018	872	1483	763
scanmut_insertleft_TTAGC_pos_49	1254	2287	537	1179	1533	1273	3068	880	1839	1803	1997	0	35
scanmut_insertleft_TTAGC_pos_50	2488	1820	1854	412	1852	1784	1465	2633	70	1516	2953	2111	951
scanmut_insertleft_TTAGC_pos_51	2415	1360	1057	682	924	1062	250	469	1156	441	4459	1343	1441
scanmut_insertleft_TTAGC_pos_52	52	644	1197	1344	1163	1935	592	1490	2142	1966	971	2671	440
scanmut_insertleft_TTAGC_pos_53	1557	821	1254	2472	1185	1395	3109	844	2530	2697	950	740	1359
scanmut_insertleft_TTAGC_pos_54	2723	1619	2333	1563	1112	2123	3845	2795	3524	6173	1921	2649	2717
scanmut_insertleft_TTAGC_pos_55	2836	1047	761	1539	5305	1954	5344	2640	1190	4042	1586	1246	1008
scanmut_insertleft_TTAGC_pos_56	1324	3345	1588	776	751	610	1388	2481	277	2500	334	6109	2100
scanmut_insertleft_TTAGC_pos_57	1603	2305	1752	1936	519	885	1410	705	2286	3745	1861	2387	444
scanmut_insertleft_TTAGC_pos_58	821	2697	1767	3029	1076	1530	1858	1778	3407	903	2408	1268	1182
scanmut_insertleft_TTAGC_pos_59	2020	5591	4283	549	3287	2072	1050	1116	2730	1078	1640	851	818
scanmut_insertleft_TTAGC_pos_60	391	2262	952	723	1456	740	1213	2219	662	1123	1014	4431	1167
scanmut_insertleft_TTAGC_pos_61	1285	587	967	1253	1425	314	957	402	2386	1818	832	147	2448
scanmut_insertleft_TTAGC_pos_62	1833	2193	1837	1088	2072	1799	2682	272	1632	1873	785	1792	2401
scanmut_insertleft_TTAGC_pos_63	982	501	779	592	1059	719	573	1568	909	1527	638	1019	1224
scanmut_insertleft_TTAGC_pos_64	498	972	3057	917	633	656	294	1026	710	1384	880	1079	1012
scanmut_insertleft_TTAGC_pos_65	834	206	258	195	578	1914	295	1337	996	554	855	455	896
scanmut_insertleft_TTAGC_pos_66	1033	358	167	94	180	1294	439	660	1105	690	912	651	319
scanmut_insertleft_TTAGC_pos_67	30	1280	462	674	693	56	363	405	682	563	1533	1544	814
scanmut_insertleft_TTAGC_pos_68	1755	876	1145	1953	1187	662	568	751	846	314	736	1654	447
scanmut_insertleft_TTAGC_pos_69	376	1147	662	757	628	376	1183	2209	716	1504	942	1313	949
scanmut_insertleft_TTAGC_pos_70	1330	1102	678	810	111	827	1142	1724	450	1077	1008	951	288
scanmut_insertleft_TTAGC_pos_71	185	1800	1275	853	1701	1297	364	978	1548	366	313	1691	652
scanmut_insertleft_TTAGC_pos_72	1362	451	1096	815	950	1301	451	1833	390	369	1841	1099	785
scanmut_insertleft_TTAGC_pos_73	1535	1078	1131	2836	1167	3362	1145	529	832	1347	1724	922	445
scanmut_insertleft_TTAGC_pos_74	1154	407	446	1957	621	1588	598	1084	630	505	1517	1450	1473
scanmut_insertleft_TTAGC_pos_75	1484	828	530	2638	1343	1280	3272	1712	660	588	999	1224	2239
scanmut_insertleft_TTAGC_pos_76	2527	1381	135	779	1515	1420	3123	915	2772	3284	2122	798	707
scanmut_insertleft_TTAGC_pos_77	3231	794	1902	2997	1855	2379	1523	1352	1371	1063	1043	1468	1499
scanmut_insertleft_TTAGC_pos_78	619	1854	1135	4581	6697	5933	4288	3818	2753	4825	3782	1404	3490
scanmut_insertleft_TTAGC_pos_79	1708	938	1478	2252	2815	2783	1572	4430	4052	771	2530	2121	2086
scanmut_insertleft_TTAGC_pos_80	2594	7193	5446	3016	3043	2761	1809	1405	7363	5373	6070	2434	630
scanmut_insertleft_TTAGC_pos_81	1380	1601	442	1450	1390	503	742	2424	282	693	748	404	211
scanmut_insertleft_TTAGC_pos_82	1510	1729	835	2378	767	885	1042	607	763	2075	1053	766	851
scanmut_insertleft_CTGCA_pos_0	1572	1188	1983	1212	1672	3005	792	1915	1978	2848	1569	1822	869
scanmut_insertleft_CTGCA_pos_1	1917	2792	2209	3075	2645	1991	2695	2178	2103	3764	2844	1515	2786
scanmut_insertleft_CTGCA_pos_2	1218	2607	2491	3248	2992	6790	7623	3708	3090	5155	2787	2313	847
scanmut_insertleft_CTGCA_pos_3	4465	9813	6052	5378	4444	3572	983	2942	3520	8650	2324	1755	3458
scanmut_insertleft_CTGCA_pos_4	5096	2478	6781	3258	732	4857	4819	2481	5940	5757	781	4463	12052
scanmut_insertleft_CTGCA_pos_5	2581	6281	7876	3705	2519	1881	1188	4489	2137	1427	5060	4806	4351
scanmut_insertleft_CTGCA_pos_6	6041	3789	4796	6327	5151	3311	11552	1968	6588	3810	3217	6409	3527
scanmut_insertleft_CTGCA_pos_7	14483	5978	3753	4426	6649	3194	1221	5199	2798	4987	4274	21616	1742
scanmut_insertleft_CTGCA_pos_8	2315	2513	3762	5940	7500	5432	4419	1880	8679	2534	3713	1626	3226
scanmut_insertleft_CTGCA_pos_9	11453	4005	3093	5117	2054	8074	4294	5861	2649	3535	2000	6385	11291
scanmut_insertleft_CTGCA_pos_10	1083	2561	4423	1544	1342	1750	3816	1997	3782	2061	3402	2124	2154
scanmut_insertleft_CTGCA_pos_11	2160	1189	1101	5315	145	581	721	1246	978	287	2162	1138	1198
scanmut_insertleft_CTGCA_pos_12	2676	5737	8212	13840	17608	4181	3711	6246	11401	6294	4815	1993	10938
scanmut_insertleft_CTGCA_pos_13	2177	4348	1234	1511	2213	2600	1783	2002	1803	3426	3242	6118	3026
scanmut_insertleft_CTGCA_pos_14	1610	3109	428	1013	2755	2881	1097	1107	1272	224	1966	2917	3095
scanmut_insertleft_CTGCA_pos_15	5631	5391	7512	10722	2357	8494	1513	9902	5152	5052	6722	8587	5200
scanmut_insertleft_CTGCA_pos_16	3738	7556	10143	1686	6746	3688	11674	7283	7230	9495	4575	5081	4117
scanmut_insertleft_CTGCA_pos_17	3621	1464	1188	2268	338	3508	2595	2450	3055	3169	1135	1675	984
scanmut_insertleft_CTGCA_pos_18	10779	9486	4722	9394	3932	9838	9346	9366	7698	4376	3335	7215	5471
scanmut_insertleft_CTGCA_pos_19	6478	7156	6921	4747	9159	12122	3711	5920	15772	3404	7576	3648	4669
scanmut_insertleft_CTGCA_pos_20	2439	8104	12061	5146	9588	7554	4619	5971	8755	5113	4433	11665	3999
scanmut_insertleft_CTGCA_pos_21	4295	3231	6315	8610	7145	3908	4568	7729	1120	4746	12212	3154	3876
scanmut_insertleft_CTGCA_pos_22	599	3841	2963	4240	269	4920	758	3813	942	4330	1088	5552	2797
scanmut_insertleft_CTGCA_pos_23	862	4314	1000	550	1595	414	3688	2572	795	3169	819	1211	2976
scanmut_insertleft_CTGCA_pos_24	2308	962	763	2790	982	1664	3311	3421	3641	1609	348	2944	1536
scanmut_insertleft_CTGCA_pos_25	2392	2313	723	1251	4353	763	1818	1280	2691	989	1713	1213	1679
scanmut_insertleft_CTGCA_pos_26	400	1442	1587	812	451	1394	1360	597	4052	2496	1493	1736	2320
scanmut_insertleft_CTGCA_pos_27	1192	1858	766	663	1203	3271	563	928	1299	917	910	580	841
scanmut_insertleft_CTGCA_pos_28	2093	479	564	766	124	1073	1283	2024	597	755	2695	1330	1368
scanmut_insertleft_CTGCA_pos_29	1097	1937	1450	1129	2966	2078	2808	1437	1247	739	1176	1224	1041
scanmut_insertleft_CTGCA_pos_30	307	4893	2255	1583	3416	3482	2302	3687	1630	2876	683	1621	1744
scanmut_insertleft_CTGCA_pos_31	1427	2030	1694	2587	1298	667	819	1204	1945	262	3279	931	1486
scanmut_insertleft_CTGCA_pos_32	1442	1334	632	2224	1579	3230	2319	1258	4086	1353	2137	1395	3327
scanmut_insertleft_CTGCA_pos_33	41	2401	1471	1630	1137	4470	1959	889	285	1925	2399	1431	707
scanmut_insertleft_CTGCA_pos_34	3277	3639	2689	5512	3718	2026	2720	2885	1746	4528	1727	2466	4158
scanmut_insertleft_CTGCA_pos_35	1879	2471	1197	1077	1419	1444	1463	499	1372	1252	951	1934	669
scanmut_insertleft_CTGCA_pos_36	1588	498	1283	711	1560	816	2948	2455	1340	2459	2370	2476	1284
scanmut_insertleft_CTGCA_pos_37	1028	2024	697	3150	2459	2390	1278	2721	2402	2168	1666	463	1896
scanmut_insertleft_CTGCA_pos_38	1125	1144	1051	3320	2845	799	1121	2904	2434	242	3454	2885	1558
scanmut_insertleft_CTGCA_pos_39	2332	3493	3093	5	1009	466	3914	3373	488	2198	1983	2221	3020
scanmut_insertleft_CTGCA_pos_40	821	1049	824	1680	1376	1070	2282	1606	1728	2415	1502	2920	673
scanmut_insertleft_CTGCA_pos_41	1453	1388	2985	1913	409	4145	1476	1712	810	3140	1556	3499	2803
scanmut_insertleft_CTGCA_pos_42	2583	1168	736	945	2405	1895	1326	3561	2619	1081	439	650	1823
scanmut_insertleft_CTGCA_pos_43	2629	2524	1814	982	1160	2928	1481	4485	2144	517	2115	5074	1919
scanmut_insertleft_CTGCA_pos_44	591	899	343	1647	236	1161	0	1284	2034	4878	320	1123	1712
scanmut_insertleft_CTGCA_pos_45	677	1174	1383	1492	3098	722	3352	823	1265	1629	1996	1394	792
scanmut_insertleft_CTGCA_pos_46	302	1266	132	773	4303	1037	1178	365	1711	1292	639	809	1534
scanmut_insertleft_CTGCA_pos_47	409	1065	645	1234	1853	443	1749	961	271	1118	1589	1368	868
scanmut_insertleft_CTGCA_pos_48	1242	1341	932	2274	2062	2506	2425	1773	865	1181	3158	4355	1371
scanmut_insertleft_CTGCA_pos_49	673	1323	1363	2371	672	2369	1242	1084	918	2058	1483	1499	1423
scanmut_insertleft_CTGCA_pos_50	1932	2216	1148	895	1208	908	1003	845	1270	705	1257	992	1599
scanmut_insertleft_CTGCA_pos_51	1370	786	2192	1310	633	2273	1865	1676	907	1753	2301	1823	2158
scanmut_insertleft_CTGCA_pos_52	1049	467	962	550	2212	4356	1203	1449	1579	1071	1121	721	1169
scanmut_insertleft_CTGCA_pos_53	652	1587	1226	431	1626	1218	3001	1392	1120	910	816	774	796
scanmut_insertleft_CTGCA_pos_54	1624	3727	1430	2033	1770	47	1462	801	2794	2581	782	1216	1104
scanmut_insertleft_CTGCA_pos_55	2199	2514	732	2840	1929	3792	1137	877	1279	2074	1267	856	1279
scanmut_insertleft_CTGCA_pos_56	470	1088	1584	1387	1072	2280	884	4622	1199	3021	1513	646	1329
scanmut_insertleft_CTGCA_pos_57	841	1098	1442	866	1931	982	2308	759	697	683	1914	971	1070
scanmut_insertleft_CTGCA_pos_58	444	1870	804	1842	2504	5344	559	946	162	1214	1250	966	483
scanmut_insertleft_CTGCA_pos_59	364	970	1002	893	702	807	2096	1475	2798	1445	267	902	940
scanmut_insertleft_CTGCA_pos_60	892	778	1458	625	1181	832	1290	3099	1775	1768	1396	607	938
scanmut_insertleft_CTGCA_pos_61	1504	594	85	2527	719	1305	1025	462	658	468	817	1764	964
scanmut_insertleft_CTGCA_pos_62	2811	2808	1423	533	1311	2410	668	933	2193	1019	1142	1517	3063
scanmut_insertleft_CTGCA_pos_63	1825	933	2631	755	1610	1377	1590	1552	687	2451	573	2985	1384
scanmut_insertleft_CTGCA_pos_64	398	737	1206	426	800	518	609	470	1730	984	527	884	208
scanmut_insertleft_CTGCA_pos_65	1121	394	885	626	113	256	903	550	193	946	924	556	161
scanmut_insertleft_CTGCA_pos_66	720	650	650	718	857	237	395	164	860	551	1102	646	244
scanmut_insertleft_CTGCA_pos_67	300	1541	1037	994	1057	1159	565	1411	582	550	703	1132	868
scanmut_insertleft_CTGCA_pos_68	1136	436	631	580	489	689	588	712	854	1975	742	767	359
scanmut_insertleft_CTGCA_pos_69	1225	998	252	763	1090	1975	543	1766	843	986	779	409	640
scanmut_insertleft_CTGCA_pos_70	1638	994	1058	537	1539	725	1078	712	349	827	573	174	628
scanmut_insertleft_CTGCA_pos_71	756	558	537	778	1329	417	1446	514	857	1228	517	650	175
scanmut_insertleft_CTGCA_pos_72	664	603	308	600	1214	1074	755	1757	1908	924	1450	474	1126
scanmut_insertleft_CTGCA_pos_73	930	2504	804	1434	607	1490	1273	1826	770	691	840	1008	588
scanmut_insertleft_CTGCA_pos_74	1835	1456	2128	587	946	730	1258	1377	955	1134	1469	11	854
scanmut_insertleft_CTGCA_pos_75	718	813	744	1411	747	467	1243	2192	1220	917	1005	1016	937
scanmut_insertleft_CTGCA_pos_76	490	576	1212	2261	1268	2186	1410	1271	1770	1298	1101	329	1497
scanmut_insertleft_CTGCA_pos_77	494	1131	823	2038	1655	2191	2213	1172	1782	3264	2042	2527	1649
scanmut_insertleft_CTGCA_pos_78	6577	1243	2321	3988	1231	3043	3348	1644	1204	2077	2009	909	831
scanmut_insertleft_CTGCA_pos_79	4718	1325	420	3696	2418	947	2786	1088	1583	1249	1249	1369	2759
scanmut_insertleft_CTGCA_pos_80	208	1695	896	2137	530	902	2209	1979	1641	938	607	3372	2809
scanmut_insertleft_CTGCA_pos_81	355	2553	1465	1084	4749	762	2522	324	3087	1468	1420	1326	653
scanmut_insertleft_CTGCA_pos_82	344	346	258	28	62	728	761	394	170	1365	630	119	169
scanmut_insertleft_TTAGCCTGCA_pos_0	2991	3428	1934	2795	2839	3219	2698	1214	3394	2586	2901	6874	2934
scanmut_insertleft_TTAGCCTGCA_pos_1	3204	4828	5308	2705	5713	9712	7062	3126	5381	3329	5154	3381	748
scanmut_insertleft_TTAGCCTGCA_pos_2	14947	3750	5322	9387	2141	4224	4918	2707	5476	5974	4983	7134	3801
scanmut_insertleft_TTAGCCTGCA_pos_3	2484	9081	4793	3661	3537	3019	3416	553	2644	6842	1944	5753	6108
scanmut_insertleft_TTAGCCTGCA_pos_4	7183	9257	6554	4030	6410	3120	9822	3861	5462	5770	8983	9773	8591
scanmut_insertleft_TTAGCCTGCA_pos_5	3733	4392	3554	2423	3713	2000	1829	4729	3261	4421	1022	2677	3068
scanmut_insertleft_TTAGCCTGCA_pos_6	7317	8478	7129	6716	5762	14964	5611	8392	7502	9953	3943	4386	11187
scanmut_insertleft_TTAGCCTGCA_pos_7	5967	12229	2265	10452	6131	14976	6954	17170	862	7818	10478	7908	5215
scanmut_insertleft_TTAGCCTGCA_pos_8	4853	12432	3185	5612	3180	5116	3807	7613	7455	4537	6610	5304	9631
scanmut_insertleft_TTAGCCTGCA_pos_9	3949	9455	4776	7968	2573	5672	5099	6994	2536	5368	10494	5814	9383
scanmut_insertleft_TTAGCCTGCA_pos_10	12220	892	8041	9697	9813	10674	9263	5234	13452	17593	15237	7578	7311
scanmut_insertleft_TTAGCCTGCA_pos_11	2827	13270	7904	12150	5461	8249	11516	11733	10010	8196	8350	8723	9453
scanmut_insertleft_TTAGCCTGCA_pos_12	6438	7176	10828	8766	7080	16875	11926	7664	6954	10607	6848	12364	7663
scanmut_insertleft_TTAGCCTGCA_pos_13	8309	7080	11150	8693	4628	8798	10127	605	16535	20708	5138	9900	11473
scanmut_insertleft_TTAGCCTGCA_pos_14	7699	12924	26713	10107	12235	8353	18834	10527	11162	24176	16657	7812	10808
scanmut_insertleft_TTAGCCTGCA_pos_15	11067	6433	19051	13463	4816	7101	8833	4068	15380	12352	8239	14699	9563
scanmut_insertleft_TTAGCCTGCA_pos_16	8119	4031	9682	4280	3743	14200	6638	21318	10551	7120	10275	6412	6402
scanmut_insertleft_TTAGCCTGCA_pos_17	1020	3	1491	2612	379	1438	3045	1018	523	1032	1258	1501	1774
scanmut_insertleft_TTAGCCTGCA_pos_18	1732	4848	1910	4873	3046	4441	3187	3911	4199	4924	3441	2172	7842
scanmut_insertleft_TTAGCCTGCA_pos_19	4219	12164	8690	4813	5855	2054	4201	2799	3224	3256	3414	3266	929
scanmut_insertleft_TTAGCCTGCA_pos_20	1532	3599	2776	2079	1438	2257	3037	1684	1854	3301	2258	1889	2642
scanmut_insertleft_TTAGCCTGCA_pos_21	1512	4159	2195	678	2414	2353	3894	905	1311	1546	2437	2660	2357
scanmut_insertleft_TTAGCCTGCA_pos_22	2639	3209	2011	891	1071	2348	2593	2957	2956	1396	2027	2370	3325
scanmut_insertleft_TTAGCCTGCA_pos_23	1078	6186	4643	2789	2482	5011	2275	2752	2430	3891	1858	6765	4386
scanmut_insertleft_TTAGCCTGCA_pos_24	2680	3827	6280	3739	2778	3588	3375	2344	5961	2482	3482	2441	4421
scanmut_insertleft_TTAGCCTGCA_pos_25	4185	7876	1524	593	1231	3952	5815	3716	1877	5891	3742	2497	1933
scanmut_insertleft_TTAGCCTGCA_pos_26	2371	1085	2529	3073	2608	2562	3535	2142	2530	8309	6252	4810	1529
scanmut_insertleft_TTAGCCTGCA_pos_27	4359	2025	3557	3353	3784	4086	3401	9291	2859	4519	4590	2501	6917
scanmut_insertleft_TTAGCCTGCA_pos_28	2846	1720	2428	2465	1815	4328	1355	2296	2349	1546	2374	1106	1485
scanmut_insertleft_TTAGCCTGCA_pos_29	2892	7042	1615	2133	5400	5350	2698	2534	4894	1	2556	1683	2568
scanmut_insertleft_TTAGCCTGCA_pos_30	2102	674	1664	1739	745	2332	1409	3831	997	1866	3196	3243	2939
scanmut_insertleft_TTAGCCTGCA_pos_31	2613	3459	4135	1274	3094	3124	744	2361	2795	2066	1804	1708	1983
scanmut_insertleft_TTAGCCTGCA_pos_32	9099	3063	3537	4937	3273	4605	4558	4024	3978	1985	4528	3059	1864
scanmut_insertleft_TTAGCCTGCA_pos_33	3916	2821	4662	4235	2921	4984	1362	3170	1634	4924	1675	1153	2784
scanmut_insertleft_TTAGCCTGCA_pos_34	3943	1739	2592	2253	2312	3112	3134	2350	2552	2964	2714	2070	4886
scanmut_insertleft_TTAGCCTGCA_pos_35	4877	1349	2845	1918	2047	4065	1859	2716	1903	1524	3893	1424	3006
scanmut_insertleft_TTAGCCTGCA_pos_36	6171	1712	2017	4441	1191	4771	2879	2436	2601	1842	2941	1800	2550
scanmut_insertleft_TTAGCCTGCA_pos_37	2180	2463	2784	2698	1423	2930	2761	4950	4790	1073	2842	3245	2209
scanmut_insertleft_TTAGCCTGCA_pos_38	5751	3575	1304	2283	1525	3943	1284	5221	3425	4688	2641	1960	2486
scanmut_insertleft_TTAGCCTGCA_pos_39	1629	2562	2282	1200	2117	3033	2027	1232	2963	1967	636	948	3720
scanmut_insertleft_TTAGCCTGCA_pos_40	2068	663	3930	2335	1455	3388	1441	1265	1186	3467	2697	4203	1308
scanmut_insertleft_TTAGCCTGCA_pos_41	877	2543	723	555	3552	2575	967	2384	1372	1600	2704	1885	2150
scanmut_insertleft_TTAGCCTGCA_pos_42	1887	1847	3416	1683	5058	3074	2606	1193	2132	1585	1023	7902	2982
scanmut_insertleft_TTAGCCTGCA_pos_43	2752	1745	2354	996	3051	3157	1337	1321	1134	1129	3493	6831	1955
scanmut_insertleft_TTAGCCTGCA_pos_44	8627	4550	2890	1819	8774	3373	4283	3064	4331	1945	3951	4341	5445
scanmut_insertleft_TTAGCCTGCA_pos_45	1709	4260	2975	2869	3307	2532	4433	3113	3796	2480	3513	7122	3088
scanmut_insertleft_TTAGCCTGCA_pos_46	3201	1263	3129	3029	1847	4912	1161	3596	8277	1111	1728	2932	2694
scanmut_insertleft_TTAGCCTGCA_pos_47	3235	4301	1721	2152	2936	1765	1607	3310	1710	6165	5259	3207	3887
scanmut_insertleft_TTAGCCTGCA_pos_48	2751	781	4666	2810	3007	5693	6725	4299	4274	1939	3109	8952	6059
scanmut_insertleft_TTAGCCTGCA_pos_49	4479	2633	5193	3894	786	5295	5698	1724	3990	3425	3697	2079	3906
scanmut_insertleft_TTAGCCTGCA_pos_50	10272	3660	3281	1198	966	4333	1561	13990	5745	6095	6187	2666	2541
scanmut_insertleft_TTAGCCTGCA_pos_51	637	635	853	691	584	434	1329	1070	890	685	1906	660	701
scanmut_insertleft_TTAGCCTGCA_pos_52	4567	4875	2320	1619	2851	2235	3536	2037	3399	3420	1422	1908	3808
scanmut_insertleft_TTAGCCTGCA_pos_53	3876	1262	1238	3550	5489	4127	577	1535	8280	1810	2558	2572	2160
scanmut_insertleft_TTAGCCTGCA_pos_54	7025	3075	3547	2831	4242	2281	3778	3354	3742	99	5767	3188	4129
scanmut_insertleft_TTAGCCTGCA_pos_55	1793	1903	2592	2921	67	3493	2481	2515	4410	1075	2644	1358	2382
scanmut_insertleft_TTAGCCTGCA_pos_56	1297	1840	3092	3101	2310	3234	2417	3008	2170	7779	2343	4156	3311
scanmut_insertleft_TTAGCCTGCA_pos_57	5037	3493	5520	3383	2153	1659	2515	4460	1810	4836	4614	2214	5930
scanmut_insertleft_TTAGCCTGCA_pos_58	3159	2111	2712	3432	3895	2627	2375	4253	2361	823	1933	2064	1962
scanmut_insertleft_TTAGCCTGCA_pos_59	1916	443	1814	1728	1135	2176	1317	1861	701	0	1424	765	1467
scanmut_insertleft_TTAGCCTGCA_pos_60	1835	517	1634	349	871	798	1516	1265	402	1534	1202	1292	729
scanmut_insertleft_TTAGCCTGCA_pos_61	564	1794	1555	937	1524	1592	2101	969	1264	1551	2302	756	707
scanmut_insertleft_TTAGCCTGCA_pos_62	2489	1630	1314	1444	1064	2783	2153	1275	78	3705	1651	2358	1407
scanmut_insertleft_TTAGCCTGCA_pos_63	1344	1499	2989	975	1315	1169	1085	827	3119	962	730	1163	512
scanmut_insertleft_TTAGCCTGCA_pos_64	2000	1986	0	1955	416	774	1319	1758	2258	2277	1526	1308	1588
scanmut_insertleft_TTAGCCTGCA_pos_65	1353	1494	592	879	2577	1352	1564	896	1420	1774	1128	1623	1032
scanmut_insertleft_TTAGCCTGCA_pos_66	871	2166	1379	2885	817	1993	1586	2198	1160	1336	1283	1241	1792
scanmut_insertleft_TTAGCCTGCA_pos_67	1638	1357	1342	2438	1357	1764	1218	2540	1027	621	836	1143	1986
scanmut_insertleft_TTAGCCTGCA_pos_68	879	3758	1543	1602	3516	3072	2910	1667	2002	3569	4121	3139	2929
scanmut_insertleft_TTAGCCTGCA_pos_69	1265	1162	1094	2245	714	1228	1381	2008	1545	1782	1574	5333	1677
scanmut_insertleft_TTAGCCTGCA_pos_70	1071	1599	1965	2286	2195	1912	1183	1022	1872	1433	744	0	1843
scanmut_insertleft_TTAGCCTGCA_pos_71	1896	203	667	1164	2736	1751	1344	1375	2749	1478	2137	1501	1201
scanmut_insertleft_TTAGCCTGCA_pos_72	2305	735	2230	5866	2129	1122	1775	2223	2233	2945	1328	2144	753
scanmut_insertleft_TTAGCCTGCA_pos_73	4853	4168	2829	2624	1529	5096	1722	2751	2100	1261	2190	818	1608
scanmut_insertleft_TTAGCCTGCA_pos_74	1891	4282	787	2662	2090	2110	1225	421	5680	1429	1738	2944	4350
scanmut_insertleft_TTAGCCTGCA_pos_75	3308	5700	1021	2743	5216	1418	3412	3200	1005	6764	2066	6179	6192
scanmut_insertleft_TTAGCCTGCA_pos_76	7007	2685	5732	5268	2947	1569	2117	3616	5289	5628	339	3515	7869
scanmut_insertleft_TTAGCCTGCA_pos_77	1271	1228	878	359	1251	900	129	2105	1401	937	934	1057	831
scanmut_insertleft_CTGCATTAGC_pos_0	3055	1172	1809	1469	2184	2116	4081	1371	2265	1417	721	2839	672
scanmut_insertleft_CTGCATTAGC_pos_1	11784	6220	11942	4430	1523	4001	5304	9975	2922	3260	3907	5492	6321
scanmut_insertleft_CTGCATTAGC_pos_2	5937	2391	6193	3609	3160	3117	2294	3704	6475	4627	2651	2669	9438
scanmut_insertleft_CTGCATTAGC_pos_3	2133	2047	1076	3321	981	1695	877	1937	2071	6071	679	1277	2062
scanmut_insertleft_CTGCATTAGC_pos_4	1954	5879	4606	2709	1405	5006	2553	3638	5630	6110	3569	11732	7488
scanmut_insertleft_CTGCATTAGC_pos_5	7941	5422	9010	5997	619	3477	7427	11283	4973	4256	7009	6457	4565
scanmut_insertleft_CTGCATTAGC_pos_6	1476	2429	928	2389	755	204	1314	1436	1491	2777	2345	2961	1079
scanmut_insertleft_CTGCATTAGC_pos_7	7556	7700	5928	5506	7525	4616	7700	18884	8623	11247	4934	6214	5786
scanmut_insertleft_CTGCATTAGC_pos_8	9110	4621	4429	7261	7364	2830	955	11047	5631	7762	5237	4920	3907
scanmut_insertleft_CTGCATTAGC_pos_9	2314	5121	5208	6135	10483	4488	7491	3107	6819	5199	25613	14668	3979
scanmut_insertleft_CTGCATTAGC_pos_10	8560	13989	9467	8539	5825	11162	13066	28777	6800	8187	7526	7370	6816
scanmut_insertleft_CTGCATTAGC_pos_11	14087	7572	10027	5862	8435	6412	8810	5833	5442	2290	21306	9117	7841
scanmut_insertleft_CTGCATTAGC_pos_12	13700	15234	7461	7074	6548	8703	9580	14425	15848	13163	8878	10315	8708
scanmut_insertleft_CTGCATTAGC_pos_13	8485	7453	12523	4675	7792	5588	7486	5587	6576	10101	9048	9778	8537
scanmut_insertleft_CTGCATTAGC_pos_14	9606	13468	12943	8116	8376	5643	6753	8600	5224	8012	9700	7725	10204
scanmut_insertleft_CTGCATTAGC_pos_15	15633	3374	4962	19221	6892	6969	6762	9402	19491	10952	10313	8689	12813
scanmut_insertleft_CTGCATTAGC_pos_16	6057	6846	39	3219	7739	5568	8320	11007	9122	12052	3642	3066	7483
scanmut_insertleft_CTGCATTAGC_pos_17	8108	3915	5682	7445	3961	3176	2863	5331	8142	4213	1251	3314	4646
scanmut_insertleft_CTGCATTAGC_pos_18	3802	549	3771	2751	1229	3740	1210	6688	3313	1035	1894	5371	639
scanmut_insertleft_CTGCATTAGC_pos_19	6997	1554	1154	2719	2117	3467	5897	1873	2869	1504	1554	1974	2206
scanmut_insertleft_CTGCATTAGC_pos_20	1535	2682	4776	2425	3539	3005	2583	3925	2835	597	803	2003	4959
scanmut_insertleft_CTGCATTAGC_pos_21	2056	9160	2142	2403	2486	3486	2142	1672	2041	1614	3734	2751	2351
scanmut_insertleft_CTGCATTAGC_pos_22	1917	4043	4612	5016	1676	2254	5320	2723	3489	1990	2862	5454	2018
scanmut_insertleft_CTGCATTAGC_pos_23	4968	2613	4704	1860	3206	2544	1601	1539	5807	2253	1584	3286	1777
scanmut_insertleft_CTGCATTAGC_pos_24	1619	2773	1481	1443	1338	1110	1659	2990	730	672	2725	1393	2100
scanmut_insertleft_CTGCATTAGC_pos_25	598	5650	2307	7500	1161	1818	1268	2274	580	3106	1664	1769	5798
scanmut_insertleft_CTGCATTAGC_pos_26	3688	1768	1795	2832	751	1612	2903	681	2213	789	773	5281	3570
scanmut_insertleft_CTGCATTAGC_pos_27	3316	2813	1267	1194	2508	5019	2391	2253	3763	881	1314	1736	2108
scanmut_insertleft_CTGCATTAGC_pos_28	1597	7136	10348	7514	3700	1433	5165	4096	4395	11323	2458	4513	2684
scanmut_insertleft_CTGCATTAGC_pos_29	2970	1228	7124	2705	967	2487	8874	2881	4314	5118	6010	1513	3403
scanmut_insertleft_CTGCATTAGC_pos_30	1882	2925	1237	948	2743	1171	1938	775	2561	2639	2284	2338	1286
scanmut_insertleft_CTGCATTAGC_pos_31	3538	1746	2884	2239	3540	4096	3750	2065	2803	3580	2147	2993	1236
scanmut_insertleft_CTGCATTAGC_pos_32	1313	3138	678	1846	2162	2352	1792	2286	2377	1388	2848	814	2415
scanmut_insertleft_CTGCATTAGC_pos_33	4206	2042	3041	2662	4994	2169	3676	1532	2365	5269	3237	3388	4156
scanmut_insertleft_CTGCATTAGC_pos_34	2485	2941	1760	1470	1577	3215	755	2852	4367	2271	1484	1434	582
scanmut_insertleft_CTGCATTAGC_pos_35	2140	2705	2498	1766	3359	1367	2495	6353	920	1696	968	1464	2608
scanmut_insertleft_CTGCATTAGC_pos_36	1881	2555	1445	1282	5238	1330	4471	1310	2884	1901	1756	2700	1630
scanmut_insertleft_CTGCATTAGC_pos_37	2896	2915	3922	3347	3124	3001	2578	4407	10966	2057	4616	0	2920
scanmut_insertleft_CTGCATTAGC_pos_38	1618	2741	3086	3557	4007	3086	3341	4815	620	5231	2876	1558	1283
scanmut_insertleft_CTGCATTAGC_pos_39	1571	989	2011	1616	3999	2684	1877	2013	1032	1451	1055	2896	1097
scanmut_insertleft_CTGCATTAGC_pos_40	3767	2557	926	2045	110	1190	1974	2635	1622	330	1197	569	1047
scanmut_insertleft_CTGCATTAGC_pos_41	1658	1505	3336	3193	1447	3917	2618	3711	5941	2523	2353	667	2410
scanmut_insertleft_CTGCATTAGC_pos_42	3065	1751	3456	1983	1537	1130	4498	1820	2667	1066	2566	2930	2263
scanmut_insertleft_CTGCATTAGC_pos_43	8835	11198	4253	3585	3995	7584	6510	6218	3878	2015	2573	3838	2636
scanmut_insertleft_CTGCATTAGC_pos_44	3131	3580	6160	5204	1045	1660	1435	1331	1641	1974	2923	2204	2473
scanmut_insertleft_CTGCATTAGC_pos_45	1809	4441	1313	6824	3716	9278	4479	3796	9620	2305	2881	4555	1481
scanmut_insertleft_CTGCATTAGC_pos_46	1687	4289	1891	1897	1171	5428	3099	2385	4873	3870	5494	1615	3295
scanmut_insertleft_CTGCATTAGC_pos_47	3077	4651	3922	825	2643	4725	1695	304	5554	2801	2748	2480	3043
scanmut_insertleft_CTGCATTAGC_pos_48	4265	3019	5278	446	1974	3483	1478	2188	8568	4829	5626	6096	3628
scanmut_insertleft_CTGCATTAGC_pos_49	5359	1720	7244	6750	1904	1293	4162	1307	2121	3519	3314	7319	6038
scanmut_insertleft_CTGCATTAGC_pos_50	2598	4116	3327	7028	4343	5367	6243	870	3808	5301	3120	2438	5761
scanmut_insertleft_CTGCATTAGC_pos_51	4058	2816	2703	4360	4135	5381	3044	2944	2357	2979	2602	3804	3176
scanmut_insertleft_CTGCATTAGC_pos_52	2654	14	2493	2305	2129	2477	2605	2436	2681	4000	3860	6925	1624
scanmut_insertleft_CTGCATTAGC_pos_53	3352	3309	2115	3095	1609	3924	2104	1945	7665	2759	2013	4525	3065
scanmut_insertleft_CTGCATTAGC_pos_54	1678	3487	3936	534	2262	2591	2169	1286	2880	1670	2604	1259	2732
scanmut_insertleft_CTGCATTAGC_pos_55	1528	2792	948	3326	3505	6285	2395	7348	1517	2507	1615	5742	3187
scanmut_insertleft_CTGCATTAGC_pos_56	3408	1926	3376	3056	1668	2290	1659	1142	2899	1407	679	1446	1631
scanmut_insertleft_CTGCATTAGC_pos_57	5095	1186	1323	3174	1796	5683	3095	2077	4675	4255	2568	4236	6123
scanmut_insertleft_CTGCATTAGC_pos_58	2029	5056	2302	2160	3864	1328	1941	3099	671	1302	1025	3532	1784
scanmut_insertleft_CTGCATTAGC_pos_59	5814	3197	5638	7657	3644	3201	6285	106	4058	3385	1677	2760	2896
scanmut_insertleft_CTGCATTAGC_pos_60	1685	980	1249	2514	1389	1129	2926	4462	793	1449	972	1874	1330
scanmut_insertleft_CTGCATTAGC_pos_61	1008	2552	1913	1154	1836	1086	2278	368	857	1585	826	1505	1321
scanmut_insertleft_CTGCATTAGC_pos_62	1532	709	987	1010	1075	701	681	1666	2691	2110	928	1062	432
scanmut_insertleft_CTGCATTAGC_pos_63	4019	1035	3944	2459	2184	1103	2895	3127	1705	299	2256	965	1326
scanmut_insertleft_CTGCATTAGC_pos_64	797	570	3253	1339	755	1350	928	464	1276	1732	1528	2494	2325
scanmut_insertleft_CTGCATTAGC_pos_65	1191	1322	1428	1499	1109	3492	1663	1340	3481	2413	1274	3491	2409
scanmut_insertleft_CTGCATTAGC_pos_66	1160	674	1939	480	1838	862	2272	3009	614	625	338	498	1468
scanmut_insertleft_CTGCATTAGC_pos_67	1406	2552	777	1153	2691	941	1753	433	997	2141	3097	1071	1338
scanmut_insertleft_CTGCATTAGC_pos_68	2942	2982	1125	1901	946	775	1555	2718	2257	2206	1065	1398	3049
scanmut_insertleft_CTGCATTAGC_pos_69	1597	2041	1877	3727	813	305	1644	901	2312	993	988	941	1999
scanmut_insertleft_CTGCATTAGC_pos_70	5067	2127	84	2557	1414	1938	2163	860	3412	152	1457	1122	2242
scanmut_insertleft_CTGCATTAGC_pos_71	2266	3642	2572	1174	2691	1839	3631	1330	2641	2052	3149	2510	1457
scanmut_insertleft_CTGCATTAGC_pos_72	563	1869	2677	1566	732	5115	1382	1279	1544	4638	1077	3245	2385
scanmut_insertleft_CTGCATTAGC_pos_73	4593	11146	4082	5494	1287	6484	18313	3787	3593	4819	1708	4410	10254
scanmut_insertleft_CTGCATTAGC_pos_74	5938	7024	5654	3039	4401	3091	1319	11792	4722	2853	1744	5024	5204
scanmut_insertleft_CTGCATTAGC_pos_75	6083	4028	3646	5791	3454	2846	2781	4952	3173	5505	3236	3446	13487
scanmut_insertleft_CTGCATTAGC_pos_76	1509	1408	806	1506	901	2919	4498	1756	1622	1199	1110	2336	1218
scanmut_insertleft_CTGCATTAGC_pos_77	3047	444	2833	563	1791	1351	537	1317	763	1355	1081	1579	1406
scanmut_comp_8_pos_28_mod	3847	2146	1020	1736	398	3644	1872	3036	1929	5254	3029	1692	3716
scanmut_comp_8_pos_29_mod	4085	6425	7535	4507	7777	3184	4425	6783	4578	3584	8229	9816	4060
scanmut_comp_8_pos_30_mod	7083	2618	2814	786	1721	4517	1528	3323	3062	2135	1521	459	2635