Variant_ID/Tag_ID	1	2	3	4	5	6	7	8	9	10	11	12	13
synCRE_Promega_0	1088	1128	2455	1436	2121	1456	1789	1535	1236	1741	532	205	929
synCRE_Promega_1	3807	1749	4073	1008	1084	2089	1162	1088	1603	563	1265	1163	1596
synCRE_Promega_2	1524	1118	1568	1636	1370	2649	996	628	929	825	1378	860	1400
synCRE_Promega_3	1149	931	1617	1680	965	893	1191	1454	704	1779	1290	2385	394
synCRE_Promega_4	538	1281	2551	1943	1475	1667	1814	1824	1546	893	1258	1532	1699
scanmut_single_pos_0_A	528	1132	488	1188	369	448	766	1087	1466	2559	818	2175	1425
scanmut_single_pos_0_C	797	671	1069	908	923	598	1627	423	557	831	255	460	767
scanmut_single_pos_0_T	602	321	623	250	925	364	612	315	1031	420	48	465	739
scanmut_single_pos_1_A	880	1875	1081	3280	944	3143	1968	3695	1661	1691	1217	1541	2073
scanmut_single_pos_1_G	2417	1205	4540	858	2151	2057	3251	3345	2516	729	943	2144	1003
scanmut_single_pos_2_C	635	390	678	1664	494	795	1111	493	980	1190	695	688	972
scanmut_single_pos_2_G	377	1132	1744	1088	469	1376	859	726	657	1367	1302	1046	2123
scanmut_single_pos_2_T	1601	783	895	3205	634	1856	1511	1315	826	465	848	513	833
scanmut_single_pos_3_A	321	1393	1010	3123	1239	1420	1194	1856	1116	2257	1459	1631	1023
scanmut_single_pos_3_G	1323	997	672	130	705	1100	113	1224	1019	980	637	968	756
scanmut_single_pos_3_T	1266	1210	1207	1348	2139	1618	4260	2549	3175	1061	2345	2069	2178
scanmut_single_pos_4_A	1452	1107	596	534	2726	1008	758	738	1303	883	764	2887	777
scanmut_single_pos_4_G	705	1652	1077	1993	1151	1118	508	696	1108	1570	147	1449	933
scanmut_single_pos_4_T	372	862	693	628	1222	654	1120	1297	1297	731	2462	781	2235
scanmut_single_pos_5_C	1149	2511	107	504	1739	2975	1954	5120	377	635	898	516	2543
scanmut_single_pos_5_G	968	971	0	305	416	698	406	1123	681	1254	1810	905	421
scanmut_single_pos_5_T	2145	834	210	2090	765	834	495	1211	1544	1194	630	1482	757
scanmut_single_pos_6_A	1420	1736	2064	2134	395	1392	3527	655	1280	537	1238	2136	526
scanmut_single_pos_6_C	738	1073	1711	884	1536	1173	1331	553	199	615	964	711	1710
scanmut_single_pos_6_T	599	1294	1363	1664	1818	1650	967	1449	542	1283	957	2189	1225
scanmut_single_pos_7_C	1223	331	506	273	710	705	621	623	843	682	449	266	324
scanmut_single_pos_7_G	418	422	659	517	1027	879	1025	643	686	944	1271	751	411
scanmut_single_pos_7_T	3173	402	912	1658	790	819	314	856	0	1238	1887	1698	906
scanmut_single_pos_8_A	2066	1039	1604	1451	1093	1785	1249	730	675	537	593	4867	2761
scanmut_single_pos_8_G	2043	744	1149	2315	1195	852	1728	1992	1109	1114	2967	1756	412
scanmut_single_pos_8_T	1531	1272	1653	1412	1496	1805	1539	1732	3563	2039	1469	1975	1786
scanmut_single_pos_9_C	1486	1502	628	2715	1151	2194	1695	1757	1613	1793	3077	2804	683
scanmut_single_pos_9_G	784	1591	1648	823	896	1040	4214	1260	1391	2099	401	473	1459
scanmut_single_pos_9_T	793	1456	2382	2118	1893	1507	2100	2119	2486	1513	2917	2278	1663
scanmut_single_pos_10_A	2601	2847	5241	1994	2475	3586	2882	3092	2315	2094	2549	4259	1932
scanmut_single_pos_10_C	1818	4112	1841	377	2363	2066	1640	2489	1710	1971	1778	3896	2888
scanmut_single_pos_10_T	7038	1617	1371	1685	1100	2264	3110	2473	1945	2923	3762	2741	3163
scanmut_single_pos_11_A	2713	2749	2372	2144	1979	2416	1167	1885	2562	1983	2934	1402	1150
scanmut_single_pos_11_C	1454	1401	1132	837	3365	1684	2053	1125	3195	1286	2691	1300	2550
scanmut_single_pos_11_G	1645	1874	2931	2120	832	2332	1337	1536	1189	1959	3469	2633	1613
scanmut_single_pos_12_A	2671	1217	866	4215	1913	1584	1379	2628	3185	2002	2279	1587	2964
scanmut_single_pos_12_C	2221	1672	2132	1442	2990	1748	2093	1777	1147	3397	2175	3111	1869
scanmut_single_pos_12_T	1273	1021	3322	1859	2994	1210	3630	2465	1903	2016	2642	1075	3509
scanmut_single_pos_13_C	237	857	252	1408	296	1145	684	680	342	739	908	382	398
scanmut_single_pos_13_G	851	1259	2790	811	1069	936	1191	1771	833	1581	765	779	304
scanmut_single_pos_13_T	741	797	1223	1631	653	1628	1513	80	1282	924	1958	3949	2873
scanmut_single_pos_14_A	989	387	853	659	935	426	745	739	733	340	728	284	461
scanmut_single_pos_14_G	345	2094	1469	2274	2466	1660	2707	2637	2340	1980	2200	3823	864
scanmut_single_pos_14_T	1433	1539	2701	1740	1586	1716	4005	1945	1816	1933	1143	1588	1732
scanmut_single_pos_15_A	1883	1352	2004	1213	2343	834	2589	1107	361	1527	328	869	864
scanmut_single_pos_15_C	1304	1558	1337	1119	1972	95	1180	761	899	1539	1037	438	1301
scanmut_single_pos_15_T	957	922	754	1061	1228	577	600	1476	1173	1154	824	948	1438
scanmut_single_pos_16_A	857	673	1066	866	1725	95	750	1302	3371	19	1314	503	1068
scanmut_single_pos_16_C	937	336	809	1986	796	298	1158	1381	2666	703	1007	1134	1100
scanmut_single_pos_16_G	1563	1709	1606	1548	1597	1157	2354	3513	2303	1343	1047	1430	795
scanmut_single_pos_17_A	2232	468	1945	702	642	2192	1150	351	428	1632	1944	1289	609
scanmut_single_pos_17_G	400	990	567	299	491	193	722	854	547	585	760	894	743
scanmut_single_pos_17_T	979	1056	1193	790	3078	1175	1510	1000	2411	3492	1157	1858	830
scanmut_single_pos_18_C	1996	1159	2120	2707	2325	1673	2045	1110	1171	2028	1384	1198	2093
scanmut_single_pos_18_G	1553	963	2001	2359	1650	1056	1734	811	895	1159	1088	1693	1778
scanmut_single_pos_18_T	1745	1698	4233	1136	467	1103	700	799	1875	1946	3120	1166	1580
scanmut_single_pos_19_A	3420	1988	6427	1496	884	1840	757	1133	2985	6132	1306	2209	2827
scanmut_single_pos_19_C	1231	2689	1747	3002	1572	2807	2468	4226	1750	1973	2609	2014	1168
scanmut_single_pos_19_T	2619	4892	3573	1688	2868	2382	2003	2883	2260	1178	1828	5143	1571
scanmut_single_pos_20_A	1164	2263	3297	160	1690	1603	1164	1572	2029	1524	2232	3563	1811
scanmut_single_pos_20_G	1272	1538	1201	1099	936	879	1346	1015	2042	1680	1243	795	1064
scanmut_single_pos_20_T	1215	2688	1450	6186	1702	2625	1892	1245	2826	2590	1834	2885	2910
scanmut_single_pos_21_A	486	282	500	559	220	511	859	217	213	1575	603	196	118
scanmut_single_pos_21_C	537	734	404	321	1429	1032	778	494	308	1115	648	835	1141
scanmut_single_pos_21_G	264	141	230	844	371	468	424	494	453	521	370	370	264
scanmut_single_pos_22_A	3973	2711	2828	2323	1473	3430	3052	2795	1337	4538	2579	1453	2273
scanmut_single_pos_22_C	1518	1949	2130	2203	2175	3077	1097	2695	1741	2858	2484	2248	3116
scanmut_single_pos_22_T	1627	2763	935	2439	2592	290	1727	2217	4941	3142	2087	3750	2958
scanmut_single_pos_23_A	789	2167	3319	713	3109	1367	1458	1241	2948	1378	1200	3228	2646
scanmut_single_pos_23_G	1672	846	2083	3936	2110	1118	2937	3304	2437	1897	2052	823	1820
scanmut_single_pos_23_T	2784	2363	1054	2832	856	2474	2011	1244	3229	1913	950	1730	2250
scanmut_single_pos_24_A	2145	3682	3732	2613	1660	2015	1293	4483	2573	2680	1560	1598	5594
scanmut_single_pos_24_G	2012	6883	4739	3699	1384	3076	6545	5249	2812	2214	1759	2625	2734
scanmut_single_pos_24_T	5535	2198	1516	1710	1726	1179	1524	2472	2827	1471	3105	1329	1937
scanmut_single_pos_25_C	1392	1144	2078	2536	1542	2301	2579	1975	1756	1190	7255	1283	2667
scanmut_single_pos_25_G	2285	1167	2703	2113	1957	2920	1787	3005	1012	2146	4715	3734	1606
scanmut_single_pos_25_T	2742	2090	2008	2316	2478	1970	1959	3477	2196	2558	3961	1827	2164
scanmut_single_pos_26_A	1870	929	3745	4426	593	670	2297	2347	1099	4105	5316	7562	2309
scanmut_single_pos_26_C	4692	3415	2567	1791	571	1394	2155	3007	3509	1229	1729	2836	1896
scanmut_single_pos_26_T	3379	2206	2473	1914	2976	2640	1457	2522	2069	1714	2469	2166	914
scanmut_single_pos_27_C	1709	668	1012	1278	1347	1303	838	530	805	1057	1038	1209	1178
scanmut_single_pos_27_G	981	1489	1781	1417	1331	1129	2119	3733	1248	477	1972	1332	1897
scanmut_single_pos_27_T	834	1176	339	835	418	833	168	389	504	363	130	1013	611
scanmut_single_pos_28_A	1068	444	581	1195	1019	1092	513	784	1164	401	2177	1528	495
scanmut_single_pos_28_C	1185	606	667	2150	1224	1081	929	1383	445	731	1310	1670	942
scanmut_single_pos_28_G	341	1817	1619	885	395	605	240	1934	894	973	1475	947	1090
scanmut_single_pos_29_A	1358	1013	835	2055	1613	1831	2080	1098	276	1334	547	1480	1402
scanmut_single_pos_29_G	1346	1926	1364	757	1062	1399	5366	1657	1263	353	1164	1500	932
scanmut_single_pos_29_T	1658	1155	1331	1919	2874	2016	1559	1645	3268	1290	1103	1109	1908
scanmut_single_pos_30_A	2890	1276	64	173	797	1721	788	544	407	1038	1201	711	783
scanmut_single_pos_30_G	187	605	365	464	304	854	498	481	1037	832	1817	165	2901
scanmut_single_pos_30_T	1669	2857	965	2007	936	1332	942	2802	763	1408	2952	2215	3329
scanmut_single_pos_31_A	1112	1945	1452	1601	2839	1399	1021	3052	770	1033	850	1438	706
scanmut_single_pos_31_G	1075	902	1962	880	1939	894	3676	1029	1566	1382	1278	1126	4170
scanmut_single_pos_31_T	2191	2685	700	594	1375	2363	1294	1586	1565	2117	754	2775	1418
scanmut_single_pos_32_C	1253	2396	1044	3832	1650	2705	1040	1174	1057	58	2441	1791	1175
scanmut_single_pos_32_G	1728	519	806	1636	1565	565	2897	421	1364	1193	974	874	565
scanmut_single_pos_32_T	573	1450	1262	1398	1819	1070	2135	1482	1871	2454	1914	686	2971
scanmut_single_pos_33_A	1255	2360	372	540	1282	1897	1129	2229	1318	1892	1508	2919	568
scanmut_single_pos_33_C	961	351	712	141	490	258	805	538	156	1179	162	410	460
scanmut_single_pos_33_G	1373	3856	649	1759	1498	2587	984	981	1695	587	1108	1273	538
scanmut_single_pos_34_A	2259	1798	1847	14	2117	3659	1953	1595	2649	1719	2210	2601	3179
scanmut_single_pos_34_C	2054	1703	1635	1800	1146	1946	4088	2447	2043	1649	3056	2298	1886
scanmut_single_pos_34_T	2587	3966	1653	636	1961	2116	5126	3593	4947	3128	2698	3428	3138
scanmut_single_pos_35_A	1216	2237	711	1080	1427	1980	3116	1684	2192	1564	2519	2939	1610
scanmut_single_pos_35_C	2020	1332	202	2129	2412	692	1661	610	1886	597	888	2305	2121
scanmut_single_pos_35_T	1728	1530	2332	2332	1908	1772	1541	2981	2010	1705	1395	615	963
scanmut_single_pos_36_A	1810	5519	1922	1752	1503	1900	768	923	2049	1776	910	1558	1411
scanmut_single_pos_36_G	1804	1445	1197	703	1194	1634	1273	1024	2509	1092	1637	1558	1237
scanmut_single_pos_36_T	2513	1924	1710	2834	1964	831	2378	1794	97	1925	1687	1711	1923
scanmut_single_pos_37_A	900	1240	1261	1069	1517	1527	0	97	2107	1993	1062	3834	1405
scanmut_single_pos_37_G	1448	437	786	1223	771	766	1972	2186	1894	1644	1352	1380	1251
scanmut_single_pos_37_T	1106	1550	2185	929	834	1690	248	1623	1400	1274	1361	29	970
scanmut_single_pos_38_A	883	2227	1710	974	935	1407	1865	729	1192	1208	905	2323	747
scanmut_single_pos_38_C	2557	1263	1077	1426	1268	2360	2805	1303	1325	478	1471	1586	1544
scanmut_single_pos_38_T	1006	1016	1716	1454	1272	1641	945	592	1386	575	738	1568	946
scanmut_single_pos_39_A	1389	1170	2096	510	2425	1180	2189	988	559	785	936	2010	98
scanmut_single_pos_39_C	1453	1422	1601	2148	2066	1302	1891	1447	779	1698	1138	1318	1762
scanmut_single_pos_39_G	1840	2912	1031	876	1909	449	919	1043	1039	786	1301	1525	802
scanmut_single_pos_40_A	2147	2400	556	731	711	678	2028	939	425	1980	1281	1691	3096
scanmut_single_pos_40_G	1257	2112	2194	2059	929	711	751	2180	625	1278	1330	2159	933
scanmut_single_pos_40_T	1415	1517	790	1270	1807	1425	724	1404	2297	2939	854	999	1345
scanmut_single_pos_41_C	623	1476	1113	1737	1986	1136	1784	1382	3897	1743	2714	796	889
scanmut_single_pos_41_G	1328	1678	726	2058	711	719	1012	1905	1429	1091	1184	802	225
scanmut_single_pos_41_T	1468	1659	1545	771	1045	372	1440	1296	2670	1026	1468	2118	572
scanmut_single_pos_42_A	1677	849	2481	2477	1898	827	1250	1619	1306	2152	886	1558	2834
scanmut_single_pos_42_C	2604	992	1114	1420	1861	1767	2303	1801	2425	331	1244	969	989
scanmut_single_pos_42_G	1403	435	400	795	1081	916	3493	1132	2006	724	1203	1229	1703
scanmut_single_pos_43_C	1773	1428	1843	925	3134	500	1850	2021	1774	1179	2946	742	1028
scanmut_single_pos_43_G	2701	1764	3627	1355	2201	754	882	1387	1022	1840	1390	1669	918
scanmut_single_pos_43_T	1131	2522	2065	1226	1298	1937	1716	1019	1420	1779	2011	2879	3539
scanmut_single_pos_44_A	593	643	826	2052	936	758	0	802	1101	1505	748	834	1229
scanmut_single_pos_44_G	3140	686	1186	1468	2239	1843	1917	943	3457	182	604	2311	1440
scanmut_single_pos_44_T	2017	1352	3814	1316	359	1735	1053	1294	2650	1569	2407	929	1798
scanmut_single_pos_45_A	733	320	944	1601	1437	2225	289	1665	2	2553	1166	1422	1678
scanmut_single_pos_45_C	635	1406	1159	969	1035	1446	1075	977	659	1272	2	809	931
scanmut_single_pos_45_G	1370	1635	1403	1374	930	972	411	1103	3729	416	682	910	1927
scanmut_single_pos_46_A	1426	1841	974	1307	1104	1804	1939	1937	1710	500	1375	1583	1595
scanmut_single_pos_46_C	1953	961	1409	1231	1749	1600	1496	1909	2113	1861	1614	1082	1071
scanmut_single_pos_46_T	1065	1923	2355	637	1177	1905	1395	2765	523	1387	1063	442	796
scanmut_single_pos_47_A	3698	3549	919	576	756	954	1295	1280	2257	2073	1118	1755	2429
scanmut_single_pos_47_C	1358	1622	732	2180	1489	2334	1495	1575	2129	1442	1468	822	855
scanmut_single_pos_47_G	696	623	1427	2678	1471	823	2875	1455	1287	1883	1930	1903	1893
scanmut_single_pos_48_A	761	3149	0	2109	1265	1586	1483	2174	2245	1115	1978	1903	1290
scanmut_single_pos_48_C	1390	1582	1973	1411	1713	1832	1703	4099	5285	1563	1378	467	2562
scanmut_single_pos_48_T	978	1815	782	893	255	1731	1286	2104	1095	1597	831	745	928
scanmut_single_pos_49_C	1999	1032	129	1281	1250	2629	1213	3226	2791	1065	3015	1050	3195
scanmut_single_pos_49_G	1148	1271	1263	1057	1019	2511	1984	700	2488	1478	6039	2135	121
scanmut_single_pos_49_T	1534	1369	1443	993	1076	771	495	1240	1265	566	2705	1473	1758
scanmut_single_pos_50_A	1874	1097	1087	1267	1379	1911	2345	1542	1725	1866	487	746	1447
scanmut_single_pos_50_G	1563	1261	2216	3106	1573	1444	3195	1858	1158	1352	1351	309	0
scanmut_single_pos_50_T	1972	2069	4087	2695	1969	1114	1759	2010	1981	932	3096	1050	2439
scanmut_single_pos_51_A	1452	821	1962	2986	1599	1160	1758	975	1227	421	1467	566	2616
scanmut_single_pos_51_C	1148	1693	1067	986	1274	1011	871	1012	861	1738	2405	1346	739
scanmut_single_pos_51_T	1127	1077	2934	1567	1104	2196	1588	963	2806	1786	1033	3106	1484
scanmut_single_pos_52_A	862	605	1967	1454	2208	1275	1482	904	1631	0	1540	1610	1791
scanmut_single_pos_52_C	1584	3976	3312	2448	873	1935	1254	1144	737	1488	2437	655	1599
scanmut_single_pos_52_G	1801	2384	1089	1567	678	1518	2377	903	1274	999	4332	1381	2542
scanmut_single_pos_53_A	1799	1558	1042	1224	500	995	707	493	1185	1040	1882	273	767
scanmut_single_pos_53_G	610	1341	906	751	938	2494	1172	871	859	824	1672	1845	1296
scanmut_single_pos_53_T	1505	1124	2075	1636	1957	882	2558	653	257	1518	937	906	1695
scanmut_single_pos_54_A	2567	1082	1265	1274	941	1251	1366	2370	1419	1774	3558	232	1065
scanmut_single_pos_54_C	1451	1098	1356	1342	1110	1524	1321	478	1935	1306	1100	279	1208
scanmut_single_pos_54_G	2073	2435	169	200	1581	1325	1642	950	3654	635	849	1846	1857
scanmut_single_pos_55_A	800	843	1093	1873	617	1138	1142	964	1942	2479	610	1144	1519
scanmut_single_pos_55_C	2049	1612	1741	851	0	1230	876	1055	1404	2729	808	1374	196
scanmut_single_pos_55_G	1116	2751	1189	595	870	1291	1037	480	196	598	523	2312	2391
scanmut_single_pos_56_A	1414	586	2160	830	1366	1835	1448	2412	1106	1298	2269	2335	498
scanmut_single_pos_56_C	1823	1258	1323	322	1079	855	1385	1640	942	1133	1079	315	968
scanmut_single_pos_56_G	1028	641	1092	3741	1400	834	1480	1633	1595	2292	1813	1804	1264
scanmut_single_pos_57_A	1368	941	4207	1299	987	1341	1259	314	1326	1134	2264	1516	1329
scanmut_single_pos_57_G	831	1473	1969	1149	2670	355	1238	4345	1557	1676	1692	759	2183
scanmut_single_pos_57_T	1385	2213	1257	1184	3043	1819	2500	1341	995	1384	2680	2488	1211
scanmut_single_pos_58_C	1031	1107	1580	2371	406	2510	884	1211	1009	2623	2456	2293	1024
scanmut_single_pos_58_G	1427	1144	1254	1042	1333	1293	1335	2676	687	2014	1146	1869	1230
scanmut_single_pos_58_T	1602	2643	1548	3785	990	2309	1656	2025	1000	1617	1714	1830	1161
scanmut_single_pos_59_A	1422	1588	1165	1411	1206	2320	1717	1849	1751	1981	1950	1320	2082
scanmut_single_pos_59_C	1785	439	779	540	1787	1469	922	1322	562	964	359	1561	1736
scanmut_single_pos_59_T	2591	1347	1549	1740	1881	2799	4627	1665	1067	902	1390	1950	1595
scanmut_single_pos_60_C	1720	1991	139	1236	1954	613	786	742	1194	443	2136	781	978
scanmut_single_pos_60_G	2131	1261	379	2564	1146	692	1144	704	2481	1888	2699	1303	1642
scanmut_single_pos_60_T	1460	1927	1056	1939	1698	2824	1240	1451	917	572	1622	2787	1011
scanmut_single_pos_61_A	2210	2554	1103	1237	25	450	1167	987	2405	511	1348	1758	3962
scanmut_single_pos_61_G	1094	1570	630	1469	1315	1064	1330	1362	1001	610	503	518	804
scanmut_single_pos_61_T	1720	303	960	1760	2208	602	971	902	1100	495	1608	4136	2532
scanmut_single_pos_62_C	2798	2717	1978	2264	1416	1667	1904	1772	2053	3767	1043	2006	1734
scanmut_single_pos_62_G	1903	2400	2082	539	1034	1349	2430	4394	1069	859	678	1025	1627
scanmut_single_pos_62_T	989	854	1709	1226	1475	2797	1570	1186	1283	1593	1697	2366	1973
scanmut_single_pos_63_A	1999	690	1698	1867	2178	1482	2312	759	2056	2020	700	1592	3628
scanmut_single_pos_63_G	2980	2304	2482	1403	1430	3041	3387	2320	2173	1418	2096	83	5473
scanmut_single_pos_63_T	2205	1554	3410	2975	1239	1024	1883	2697	807	2006	2239	2302	1759
scanmut_single_pos_64_A	1958	2163	1344	1224	1538	2356	600	1578	1029	796	1700	1732	902
scanmut_single_pos_64_G	1367	1396	1315	1196	1553	1237	1612	727	1449	596	2128	1316	1471
scanmut_single_pos_64_T	604	1479	1208	1072	790	1688	948	1190	3782	1363	582	649	1740
scanmut_single_pos_65_A	2247	1322	1584	1345	509	1797	1561	1554	1494	2279	1147	1012	2022
scanmut_single_pos_65_G	850	2150	2379	824	1069	326	976	955	977	1133	1091	1778	3586
scanmut_single_pos_65_T	1111	659	1008	2622	581	1442	1444	1290	1107	699	1288	971	956
scanmut_single_pos_66_A	1810	1617	637	1618	32	1639	2976	1405	861	1071	1206	1477	1889
scanmut_single_pos_66_G	1008	1497	2150	695	1042	899	504	1251	1528	988	2343	1116	2464
scanmut_single_pos_66_T	1514	1855	1912	1915	2297	1699	2164	1258	988	2446	749	2400	2167
scanmut_single_pos_67_C	1872	2088	1543	1982	2739	1233	1758	1682	1373	1105	2007	1556	2508
scanmut_single_pos_67_G	428	1248	2901	741	1225	1989	982	1563	1790	2071	1998	344	1612
scanmut_single_pos_67_T	2191	1657	882	1354	1066	907	1659	1183	990	520	2853	1510	1770
scanmut_single_pos_68_A	1895	975	694	1500	1337	1565	2262	1679	1036	1732	1963	2110	1497
scanmut_single_pos_68_C	1463	673	1695	1355	1634	1786	1325	1177	2048	2126	850	1208	1078
scanmut_single_pos_68_G	695	1770	1504	1575	1185	1449	1142	1362	1980	1190	2328	43	1178
scanmut_single_pos_69_A	1333	1224	963	1424	897	745	753	1505	938	669	1586	2416	1291
scanmut_single_pos_69_C	521	2341	1847	1271	650	1472	472	1971	351	1246	1189	2068	1102
scanmut_single_pos_69_G	1312	2217	3035	533	1163	983	1009	832	1065	169	1407	575	908
scanmut_single_pos_70_A	1660	1267	1310	1198	622	811	859	1251	1073	969	1937	3217	1057
scanmut_single_pos_70_C	1961	1075	1386	879	3858	3061	2018	0	870	599	1307	1597	1887
scanmut_single_pos_70_T	1097	718	572	842	448	710	1128	1046	2595	3063	503	1027	889
scanmut_single_pos_71_C	1224	899	1115	2197	1555	1770	846	2167	803	1160	956	1254	1251
scanmut_single_pos_71_G	1404	695	1223	2916	1198	1564	2114	263	1421	5021	1198	2002	800
scanmut_single_pos_71_T	1118	1768	910	1873	839	1000	309	1222	1066	1835	1394	1038	867
scanmut_single_pos_72_A	1157	803	1522	1186	2752	1387	1419	1266	1654	1810	850	1361	2200
scanmut_single_pos_72_G	710	1196	2896	996	1186	637	1526	714	1070	968	2687	775	709
scanmut_single_pos_72_T	884	1039	953	1591	1030	1424	1125	1357	641	1763	1943	1309	523
scanmut_single_pos_73_A	2348	985	1694	1266	816	1918	2245	1964	1259	1396	1255	570	2845
scanmut_single_pos_73_C	1851	1213	925	899	943	2064	1142	2434	1475	1313	896	1230	1666
scanmut_single_pos_73_T	1686	956	1233	1416	2271	1303	1703	3142	3739	1298	1040	202	1752
scanmut_single_pos_74_A	958	1693	1341	1921	1513	817	530	3750	390	745	783	1574	1477
scanmut_single_pos_74_C	2940	1899	3299	421	1220	251	1877	2050	1084	993	1796	4276	1112
scanmut_single_pos_74_G	1152	786	1520	693	861	2837	1202	1148	2199	2336	1860	1337	451
scanmut_single_pos_75_A	1046	9	1738	1611	1497	984	885	1729	716	872	2014	807	757
scanmut_single_pos_75_G	996	744	1517	1383	686	1545	481	1015	941	1529	764	1574	710
scanmut_single_pos_75_T	965	2065	669	1434	249	1740	1767	1378	2034	1767	1252	1583	1653
scanmut_single_pos_76_C	2251	2153	2380	2037	1011	1593	410	1038	2146	2327	1364	2897	3396
scanmut_single_pos_76_G	1591	661	1910	772	2270	265	1291	606	588	365	1199	1656	339
scanmut_single_pos_76_T	810	1155	2005	1040	1319	787	356	1689	2608	826	1305	2055	1112
scanmut_single_pos_77_C	2037	913	876	1485	2365	3430	1636	2375	1978	1223	1520	769	2139
scanmut_single_pos_77_G	998	915	623	2597	1881	2074	1841	697	1140	1657	1015	643	1555
scanmut_single_pos_77_T	1044	795	644	1273	966	1210	1589	2022	1959	1424	1823	1610	727
scanmut_single_pos_78_A	1068	2396	1304	749	1463	560	114	1132	630	1023	403	626	1108
scanmut_single_pos_78_C	1254	1070	473	321	506	131	573	489	1014	716	678	1473	638
scanmut_single_pos_78_G	1242	1271	3049	586	839	1236	1777	1000	1108	909	1342	2134	498
scanmut_single_pos_79_A	1198	219	1809	740	1665	1588	1832	3880	832	397	2376	1077	1989
scanmut_single_pos_79_C	799	1627	4650	1510	1203	1296	1056	1454	2097	1757	838	1819	673
scanmut_single_pos_79_T	1729	1729	1496	558	1774	1962	1749	962	1956	1379	1499	945	3754
scanmut_single_pos_80_A	2078	762	639	2265	1334	1202	1738	999	1581	918	1361	896	533
scanmut_single_pos_80_C	508	695	17	667	1618	629	2238	659	2141	1038	1401	1612	876
scanmut_single_pos_80_T	1729	938	1548	877	1020	1296	540	749	1856	1758	1424	1368	1201
scanmut_single_pos_81_A	1759	407	843	885	1887	2905	1832	1189	1318	364	370	1748	1935
scanmut_single_pos_81_C	1991	2174	1096	1791	1733	1337	1603	876	1230	1332	1857	430	15
scanmut_single_pos_81_T	1309	1016	1506	1044	3410	826	1179	1122	1134	623	3059	1347	1338
scanmut_single_pos_82_C	1414	866	56	1026	1630	1106	1980	1321	1817	1004	954	2199	3706
scanmut_single_pos_82_G	1137	1522	1513	1373	1131	1758	551	175	2555	1978	2585	760	1597
scanmut_single_pos_82_T	1168	1043	2023	3709	3151	1355	1349	1663	581	1254	1846	1853	4708
scanmut_single_pos_83_A	1431	2258	1191	1567	1404	1442	1109	2543	2753	1070	2554	1838	1819
scanmut_single_pos_83_C	1629	793	945	1257	1317	2517	1858	2262	1169	2265	850	3002	2320
scanmut_single_pos_83_T	1699	1512	1075	1622	5122	1647	1184	1819	1490	837	2242	0	2166
scanmut_single_pos_84_C	1142	470	1426	1397	2179	3555	1490	1187	1343	1006	2195	1413	1587
scanmut_single_pos_84_G	1678	835	852	936	1796	825	2600	1790	2615	3161	978	1578	949
scanmut_single_pos_84_T	1553	1157	544	1421	1319	455	288	1867	1101	1318	1199	1721	893
scanmut_single_pos_85_C	1082	1575	875	1170	984	1360	581	582	264	1063	397	2253	911
scanmut_single_pos_85_G	771	112	943	1212	578	884	1381	1480	1199	944	807	1401	818
scanmut_single_pos_85_T	2029	1331	1975	965	1135	621	1224	1827	1673	2274	891	521	612
scanmut_single_pos_86_A	669	357	1064	609	486	846	103	593	354	422	2852	1139	696
scanmut_single_pos_86_G	798	1096	1028	549	544	487	1229	1012	2140	870	305	958	851
scanmut_single_pos_86_T	3862	1491	1148	3536	3397	1298	851	962	931	867	965	577	1158
scanmut_comp_8_pos_0	842	1114	432	370	444	718	757	843	1277	1274	787	901	1153
scanmut_comp_8_pos_1	1583	1373	1890	4201	763	1384	1383	888	1276	2258	1616	1891	4386
scanmut_comp_8_pos_2	1337	2372	2160	1849	1035	2742	4393	3014	1713	1244	911	1142	1503
scanmut_comp_8_pos_3	2183	1719	1586	1523	1336	6499	2008	3499	2622	1863	1942	956	1955
scanmut_comp_8_pos_4	1981	1015	2800	1167	1414	1558	1329	797	4569	1545	3696	2588	1678
scanmut_comp_8_pos_5	2162	5995	3689	3343	5838	1535	1585	3377	4088	2010	2735	1630	3193
scanmut_comp_8_pos_6	4192	3671	1514	3127	4256	2382	5920	2456	2408	3222	1806	4075	3519
scanmut_comp_8_pos_7	661	1528	1609	1935	744	888	1722	764	3956	1392	608	1365	976
scanmut_comp_8_pos_8	1388	898	1052	1420	2046	1106	1095	778	1958	523	976	723	542
scanmut_comp_8_pos_9	2133	2694	1218	4738	2582	3936	2389	3261	2135	3027	1908	2593	4410
scanmut_comp_8_pos_10	1484	3013	3291	2652	3702	2385	4774	1127	2941	787	4303	2305	1419
scanmut_comp_8_pos_11	3058	4970	2739	3909	3119	5034	2857	1569	3105	2815	1142	3131	3695
scanmut_comp_8_pos_12	1805	2716	8755	2344	2639	1061	4024	2344	5077	3313	4540	2827	3187
scanmut_comp_8_pos_13	1118	1214	1679	2638	5843	2583	3185	3287	1145	2751	4420	1388	1760
scanmut_comp_8_pos_14	965	1818	781	5891	1120	2591	2247	1841	925	2579	1811	2141	2147
scanmut_comp_8_pos_15	3141	2478	2050	1650	3374	1797	3594	2676	2657	3969	2063	1097	1798
scanmut_comp_8_pos_16	2640	5856	2356	193	1584	2094	1527	1569	1973	3068	4827	4410	2203
scanmut_comp_8_pos_17	2404	1872	1674	1535	2357	2470	1457	2307	1216	3000	1881	1523	1239
scanmut_comp_8_pos_18	5298	2096	2843	2262	1300	1268	2564	2413	1395	2977	2874	1267	3809
scanmut_comp_8_pos_19	1996	1396	3082	2133	2292	1934	4313	2572	2540	894	2450	1499	1640
scanmut_comp_8_pos_20	759	1423	1652	3021	3220	1649	2119	2214	2039	4739	1068	1979	676
scanmut_comp_8_pos_21	1407	4129	4005	1216	3301	989	1690	1062	1341	1678	1651	5626	4164
scanmut_comp_8_pos_22	1979	1732	1333	2077	5267	1747	3046	1746	2106	2261	3732	3483	2559
scanmut_comp_8_pos_23	8083	2009	961	1542	3971	2891	1577	790	1602	1717	2534	3876	1032
scanmut_comp_8_pos_24	1273	1063	1259	2074	3421	2538	3866	2929	693	3546	1829	1855	3676
scanmut_comp_8_pos_25	3132	1411	1556	4277	1139	2125	2837	4442	1718	1627	2942	2704	5319
scanmut_comp_8_pos_26	3183	1102	2017	720	2370	1790	3132	1608	2800	2689	1665	2601	1722
scanmut_comp_8_pos_27	476	681	610	612	281	996	193	467	479	352	587	812	175
scanmut_comp_8_pos_31	3497	1566	2321	1287	919	2618	2153	902	1475	3862	3894	1198	1701
scanmut_comp_8_pos_32	1702	1250	1977	418	1692	1439	1445	960	2807	1165	1285	1234	1667
scanmut_comp_8_pos_33	1102	1888	1078	834	1252	2922	2595	1441	432	1004	1121	450	1384
scanmut_comp_8_pos_34	1103	1357	1852	1940	1507	1065	1768	2359	1980	2382	2130	2021	714
scanmut_comp_8_pos_35	862	969	102	313	557	765	550	585	828	1056	1588	849	1915
scanmut_comp_8_pos_36	908	1773	1107	2201	1176	669	1469	1694	1412	1806	2777	1000	1043
scanmut_comp_8_pos_37	1177	1828	1442	138	1446	1341	1696	635	706	1155	721	1173	634
scanmut_comp_8_pos_38	1037	1734	775	1	857	865	460	470	714	1640	973	824	934
scanmut_comp_8_pos_39	738	1120	856	780	3170	2245	1094	1157	1673	785	561	3172	1878
scanmut_comp_8_pos_40	1349	1399	1321	846	708	2286	507	807	761	861	685	792	2048
scanmut_comp_8_pos_41	547	1230	544	1123	920	1447	562	1201	1116	987	2037	950	3853
scanmut_comp_8_pos_42	2769	1126	1784	2018	1165	1389	398	1265	1629	2691	2019	8	3764
scanmut_comp_8_pos_43	1448	1472	1604	2094	1568	556	1173	1249	1341	1765	3879	1144	2283
scanmut_comp_8_pos_44	702	1140	1234	1470	2286	1956	702	1543	274	1456	672	548	1036
scanmut_comp_8_pos_45	2216	1425	1179	1860	1090	1455	2865	745	3597	1166	2071	5092	2226
scanmut_comp_8_pos_46	1761	3428	921	1628	4416	889	2066	1424	997	1684	624	1535	2660
scanmut_comp_8_pos_47	1051	782	4447	2468	1883	677	577	2162	1278	1416	1656	950	1214
scanmut_comp_8_pos_48	1647	752	678	1380	751	716	1701	2979	959	989	2329	875	388
scanmut_comp_8_pos_49	379	906	1142	1048	305	1058	1248	1320	1761	770	1845	2447	104
scanmut_comp_8_pos_50	1563	1474	1586	858	1433	1168	1466	484	2728	774	753	1099	438
scanmut_comp_8_pos_51	858	3118	2381	905	597	1012	1835	295	1235	2041	997	758	2212
scanmut_comp_8_pos_52	921	2067	1601	948	1785	1228	1012	894	748	1141	1225	1232	2
scanmut_comp_8_pos_53	1361	1362	1752	1340	1784	1753	980	1202	3532	2456	537	1033	607
scanmut_comp_8_pos_54	410	847	2311	1990	813	1601	159	1981	1881	1265	800	971	1768
scanmut_comp_8_pos_55	2809	1023	2636	1178	956	1398	1459	1025	804	1237	1023	1562	670
scanmut_comp_8_pos_56	2128	1863	947	823	1055	1326	1586	1056	1768	1745	1279	1867	624
scanmut_comp_8_pos_57	1008	927	1119	279	560	1053	1790	1407	1109	1517	962	1494	686
scanmut_comp_8_pos_58	748	645	723	708	1713	888	1195	1002	403	1372	378	4130	995
scanmut_comp_8_pos_59	572	498	2172	1602	593	499	1014	1488	507	953	1836	1436	1152
scanmut_comp_8_pos_60	830	470	803	754	611	735	739	839	143	1083	592	1105	527
scanmut_comp_8_pos_61	2253	471	510	1397	372	1811	691	737	1034	731	878	1111	969
scanmut_comp_8_pos_62	1050	1576	1427	1144	2723	1288	2002	1608	1334	1546	2256	866	1052
scanmut_comp_8_pos_63	1558	1764	1767	1163	841	382	617	1662	658	844	760	1236	694
scanmut_comp_8_pos_64	1231	823	1018	1393	833	416	921	1720	673	669	725	804	730
scanmut_comp_8_pos_65	393	1803	832	2306	842	28	1642	1271	1359	1067	839	415	1355
scanmut_comp_8_pos_66	1618	915	977	745	1451	1336	469	952	2142	1043	740	1045	1243
scanmut_comp_8_pos_67	655	160	1092	569	1075	665	1892	1318	916	960	1486	802	1434
scanmut_comp_8_pos_68	1149	1023	1518	949	1026	761	1400	1056	1794	915	815	470	542
scanmut_comp_8_pos_69	979	2771	1921	2889	1053	5	3065	1867	2297	2625	640	1314	3454
scanmut_comp_8_pos_70	1067	1498	3113	1989	834	1102	2240	1776	1391	1698	1206	576	1754
scanmut_comp_8_pos_71	1332	1784	2382	904	1485	798	625	1648	1445	308	2197	1113	1628
scanmut_comp_8_pos_72	0	878	415	2960	843	4262	149	1609	1756	2164	871	1164	1489
scanmut_comp_8_pos_73	913	765	2665	1121	885	1816	1033	1506	1767	2221	1387	1430	630
scanmut_comp_8_pos_74	2053	1377	645	1268	1192	911	763	1125	1626	1741	450	1120	1107
scanmut_comp_8_pos_75	2089	1011	812	966	2434	1645	1521	1035	2140	898	1673	2487	2634
scanmut_comp_8_pos_76	1034	1193	180	1565	1481	2934	1233	1084	1557	1149	531	2634	891
scanmut_comp_8_pos_77	2231	929	2699	1726	968	1540	1731	1004	1934	899	2303	730	1325
scanmut_comp_8_pos_78	1193	1725	1068	733	733	595	313	975	864	129	787	945	1719
scanmut_comp_8_pos_79	680	1065	450	702	467	1991	854	676	1131	993	890	1054	849
scanmut_nocomptransv_8_pos_0	657	420	1215	932	2223	624	849	1592	767	1359	617	1112	808
scanmut_nocomptransv_8_pos_1	7803	5920	4447	3558	4025	2828	6174	4181	2309	1359	3188	2516	2706
scanmut_nocomptransv_8_pos_2	1111	1456	1072	1349	413	680	953	2051	1295	1862	742	917	1352
scanmut_nocomptransv_8_pos_3	2906	3488	3227	3581	2261	3142	3646	2634	6518	4656	2624	1342	2070
scanmut_nocomptransv_8_pos_4	3782	1539	2629	2048	2978	4193	3471	3181	3292	3495	3224	5254	4691
scanmut_nocomptransv_8_pos_5	2373	3968	2782	2317	5857	4803	731	2552	3455	4293	4356	2021	3261
scanmut_nocomptransv_8_pos_6	1927	3659	2198	2120	1067	2439	2359	3245	3186	1369	2233	2836	2329
scanmut_nocomptransv_8_pos_7	1593	875	929	762	1938	574	1529	1364	1962	1530	1963	572	2031
scanmut_nocomptransv_8_pos_8	3333	2997	2473	1042	2967	2861	7034	3866	2965	1624	2925	2428	5560
scanmut_nocomptransv_8_pos_9	1678	1375	1571	1535	1324	2150	809	1786	1481	1649	2612	1466	2048
scanmut_nocomptransv_8_pos_10	535	1511	562	353	206	790	448	181	622	750	384	755	889
scanmut_nocomptransv_8_pos_11	2011	3599	2466	2544	235	1942	2244	2248	1953	1835	2370	5605	1639
scanmut_nocomptransv_8_pos_12	2534	2730	7421	2873	3160	2446	2470	2757	5306	1332	2568	2490	2857
scanmut_nocomptransv_8_pos_13	4227	1705	4988	4399	2045	2711	3892	8334	2568	2806	5276	2711	4800
scanmut_nocomptransv_8_pos_14	1840	1801	1397	1990	1781	3046	2442	3048	313	1504	1876	3692	2807
scanmut_nocomptransv_8_pos_15	1863	6139	1932	3051	2026	2329	2778	3609	4629	2051	582	2300	3857
scanmut_nocomptransv_8_pos_16	322	2896	5670	2872	3856	2114	2490	3158	1647	4104	2063	2839	3500
scanmut_nocomptransv_8_pos_17	3658	5676	2599	2303	3185	4747	3901	1265	1931	9155	3298	3829	4564
scanmut_nocomptransv_8_pos_18	2393	4872	2829	3269	2550	1090	5246	2515	3023	3031	0	1953	2663
scanmut_nocomptransv_8_pos_19	577	2478	1880	7138	2116	3482	2710	2564	3973	3227	2469	4727	2615
scanmut_nocomptransv_8_pos_20	3520	1316	5130	3022	3987	2646	2085	3259	2568	2103	1711	3074	2700
scanmut_nocomptransv_8_pos_21	6149	4182	2277	1858	669	2045	2357	4526	2164	6742	1332	1643	3067
scanmut_nocomptransv_8_pos_22	5041	2996	2118	2390	1567	2088	2955	2291	2582	4011	3364	5028	2609
scanmut_nocomptransv_8_pos_23	3394	2847	2164	1818	1566	2943	2039	362	2147	1741	944	1410	972
scanmut_nocomptransv_8_pos_24	1810	1262	3796	2543	2265	1372	1087	1759	2392	3239	4206	3643	1970
scanmut_nocomptransv_8_pos_25	1326	1401	1244	667	840	1181	2056	1905	2340	2495	1183	1682	1821
scanmut_nocomptransv_8_pos_26	469	212	543	163	291	19	405	988	435	177	434	733	418
scanmut_nocomptransv_8_pos_27	384	343	141	634	542	135	486	905	466	788	208	1077	364
scanmut_nocomptransv_8_pos_28	719	376	914	1028	523	313	361	673	1121	357	499	47	1299
scanmut_nocomptransv_8_pos_29	5	1542	3078	2484	2294	1760	3103	1941	2897	1677	2581	1028	2018
scanmut_nocomptransv_8_pos_30	945	2486	872	1595	932	1526	777	1432	795	1370	1172	2648	1671
scanmut_nocomptransv_8_pos_31	1673	1300	1969	1925	3723	873	2876	1671	260	3421	1666	1661	1776
scanmut_nocomptransv_8_pos_32	942	135	1362	1458	949	1539	743	1998	554	2127	1190	744	1341
scanmut_nocomptransv_8_pos_33	1704	1437	1632	1591	1583	1298	1800	782	1540	946	1163	1831	850
scanmut_nocomptransv_8_pos_34	2166	2338	1232	2315	1002	3433	3174	669	1620	2196	2365	1534	2946
scanmut_nocomptransv_8_pos_35	1383	1962	1410	3040	1013	1154	1272	392	1747	723	802	1706	2314
scanmut_nocomptransv_8_pos_36	843	1253	1261	1019	2114	2779	1227	1411	3076	2229	2322	1657	503
scanmut_nocomptransv_8_pos_37	1927	2084	2136	965	1352	787	1127	1564	820	1513	862	2804	2060
scanmut_nocomptransv_8_pos_38	748	978	768	860	825	1127	3046	1479	477	436	1689	1557	764
scanmut_nocomptransv_8_pos_39	972	774	1800	626	790	513	1153	856	1405	985	1171	589	1324
scanmut_nocomptransv_8_pos_40	1795	997	667	332	859	1594	576	1556	425	1175	2724	596	504
scanmut_nocomptransv_8_pos_41	610	1115	1092	308	424	443	888	1261	1308	689	495	545	1452
scanmut_nocomptransv_8_pos_42	1053	3130	784	773	930	1725	1375	1861	1302	914	231	1206	815
scanmut_nocomptransv_8_pos_43	5750	1891	1043	2194	4573	3023	3008	1120	1126	1676	660	731	1320
scanmut_nocomptransv_8_pos_44	1096	1464	1325	1145	1331	1024	1330	2987	1040	1156	1922	1078	420
scanmut_nocomptransv_8_pos_45	689	1288	2108	1045	742	1055	1562	913	1231	1032	843	1297	1131
scanmut_nocomptransv_8_pos_46	878	1473	1468	1346	2752	1546	1485	1191	1658	922	1322	1185	1060
scanmut_nocomptransv_8_pos_47	746	1559	671	554	821	1884	1009	817	1752	1485	724	193	817
scanmut_nocomptransv_8_pos_48	795	514	1831	630	1811	590	1583	3939	1050	1586	1771	1093	1747
scanmut_nocomptransv_8_pos_49	1309	975	977	1611	761	1179	1018	884	828	1271	1030	1315	1325
scanmut_nocomptransv_8_pos_50	808	1280	577	1637	833	956	504	1220	1933	523	559	1319	2336
scanmut_nocomptransv_8_pos_51	578	272	989	508	2575	936	793	1113	1476	984	1556	1350	1295
scanmut_nocomptransv_8_pos_52	657	684	658	1717	269	354	1388	477	739	326	945	345	2127
scanmut_nocomptransv_8_pos_53	639	310	995	943	875	306	855	818	744	517	1940	581	616
scanmut_nocomptransv_8_pos_54	970	582	2460	1767	1279	1266	1770	2278	705	1170	1344	1204	1247
scanmut_nocomptransv_8_pos_55	1866	390	2453	1498	1045	3658	880	910	742	1459	181	1097	581
scanmut_nocomptransv_8_pos_56	768	881	1096	2354	1263	4340	1474	744	554	1256	2080	1633	1511
scanmut_nocomptransv_8_pos_57	1098	998	1574	859	1554	1487	316	1723	2248	1319	1677	1464	949
scanmut_nocomptransv_8_pos_58	513	582	917	1384	2215	1472	1773	1917	1075	548	1742	2418	1756
scanmut_nocomptransv_8_pos_59	57	1004	2144	2218	62	679	1289	435	787	576	2143	1270	958
scanmut_nocomptransv_8_pos_60	0	2243	831	469	2287	1637	1004	665	1374	1100	590	386	1442
scanmut_nocomptransv_8_pos_61	1370	1763	1682	2564	810	1308	977	1800	1252	2936	579	1045	1122
scanmut_nocomptransv_8_pos_62	731	799	1497	1393	495	540	1460	1584	854	1278	1550	461	851
scanmut_nocomptransv_8_pos_63	1174	1923	1893	664	430	739	1625	1126	668	1720	1116	477	1295
scanmut_nocomptransv_8_pos_64	545	786	18	1130	697	1431	985	923	468	1684	1334	528	713
scanmut_nocomptransv_8_pos_65	1011	1446	872	932	1057	738	215	1135	484	547	601	559	1204
scanmut_nocomptransv_8_pos_66	1071	1431	1461	960	1148	2509	1161	271	887	810	884	1169	1913
scanmut_nocomptransv_8_pos_67	284	896	1476	838	642	671	457	1587	1147	703	399	1912	1726
scanmut_nocomptransv_8_pos_68	888	631	664	2429	626	1070	816	1123	1306	652	502	616	638
scanmut_nocomptransv_8_pos_69	965	1435	2632	1449	1552	1208	1423	2751	2470	1180	1166	3135	468
scanmut_nocomptransv_8_pos_70	1479	981	1499	924	1344	822	3602	652	905	1033	902	835	2050
scanmut_nocomptransv_8_pos_71	1343	691	1700	1153	946	1564	1168	1391	2159	628	989	1298	1609
scanmut_nocomptransv_8_pos_72	1263	1063	1465	1149	2210	875	937	2513	2123	1528	1381	1890	1271
scanmut_nocomptransv_8_pos_73	1423	1050	2403	1209	2145	2238	2969	1589	3471	3648	2166	3600	686
scanmut_nocomptransv_8_pos_74	2340	5677	1936	2133	1995	2173	1917	2550	3985	1238	1881	1672	1806
scanmut_nocomptransv_8_pos_75	3038	4070	3804	1969	6274	3664	1256	3133	2302	1729	1321	3323	2232
scanmut_nocomptransv_8_pos_76	3191	1925	3060	324	1510	1941	0	1858	1472	3756	2470	5057	1126
scanmut_nocomptransv_8_pos_77	438	3117	33	1283	2319	1761	2163	1938	556	2498	2529	1274	2995
scanmut_nocomptransv_8_pos_78	369	2912	79	505	1486	470	980	1351	1460	1529	1178	1921	1638
scanmut_nocomptransv_8_pos_79	364	309	272	295	171	721	367	369	353	477	395	556	193
scanmut_trans_8_pos_0	455	479	445	398	480	390	466	977	558	544	351	650	193
scanmut_trans_8_pos_1	2632	26	2353	6106	2834	2370	2097	3269	1667	2387	3606	2601	3340
scanmut_trans_8_pos_2	2992	1106	3963	731	1465	2042	4351	1282	643	1705	3594	2876	1253
scanmut_trans_8_pos_3	1867	1290	1862	1969	1828	5759	2209	751	3276	819	1053	1842	1203
scanmut_trans_8_pos_4	846	455	626	130	185	603	428	538	613	302	607	326	257
scanmut_trans_8_pos_5	347	369	527	623	259	777	188	416	968	561	61	1066	371
scanmut_trans_8_pos_6	328	588	873	363	1077	414	140	415	418	264	417	440	1022
scanmut_trans_8_pos_7	297	579	692	291	542	457	504	534	496	152	374	423	367
scanmut_trans_8_pos_8	2020	1105	1245	212	1334	638	694	598	872	1407	882	714	1239
scanmut_trans_8_pos_9	2763	1705	3203	1472	3777	3396	444	2877	2347	7	2821	1551	1988
scanmut_trans_8_pos_10	2157	2868	2269	2742	3130	3849	7774	2405	1861	1980	4794	3138	2201
scanmut_trans_8_pos_11	3250	1709	3467	2743	2229	7932	2438	4676	2418	2659	2662	1857	2710
scanmut_trans_8_pos_12	3612	1449	2056	3848	2995	3210	692	3409	2653	2432	4850	3206	1754
scanmut_trans_8_pos_13	1838	4079	4124	3819	1213	1676	2184	1988	1054	7097	3417	3392	3287
scanmut_trans_8_pos_14	2778	3073	4337	4154	3865	2356	3556	4245	1513	3055	1619	4815	4832
scanmut_trans_8_pos_15	2475	4183	2148	2340	3763	1508	2406	2449	3275	3698	4220	1592	4296
scanmut_trans_8_pos_16	5235	4007	3249	3030	1928	3685	4520	3924	2218	3827	2640	5330	2831
scanmut_trans_8_pos_17	1937	3205	2814	7217	2532	2500	1661	3788	5411	2850	3534	2088	3548
scanmut_trans_8_pos_18	3870	1780	4510	3051	2712	3391	2082	2118	4902	1887	2001	3170	2544
scanmut_trans_8_pos_19	2206	5524	5118	1797	4029	1789	3010	4199	3192	3999	0	3236	4955
scanmut_trans_8_pos_20	2897	1476	2901	2043	5457	2790	3772	4306	1954	1527	2316	3134	3027
scanmut_trans_8_pos_21	3096	3696	2736	1305	1714	1586	3395	2025	4174	2112	760	3232	2890
scanmut_trans_8_pos_22	604	81	811	943	233	939	797	684	622	685	445	887	426
scanmut_trans_8_pos_23	2	304	3776	1630	1466	1641	1964	2597	1136	1145	1985	1390	2326
scanmut_trans_8_pos_24	3129	4598	1915	2492	2458	1824	1577	2217	1356	2223	3753	2025	2118
scanmut_trans_8_pos_25	2466	1896	1611	2568	1607	2348	2114	1375	2016	2062	1217	1245	6
scanmut_trans_8_pos_26	2671	1702	1808	2322	3139	5093	1564	2028	1389	2444	6091	3302	2868
scanmut_trans_8_pos_27	1289	1343	1456	3635	2331	4032	1204	480	994	1130	1438	823	949
scanmut_trans_8_pos_28	1377	2161	1267	2853	1963	7716	1426	1311	2717	2453	1280	3663	2696
scanmut_trans_8_pos_29	3091	2019	2393	2774	2833	1903	2579	3079	3371	94	1378	4023	1278
scanmut_trans_8_pos_30	1670	3327	1470	1519	2319	6652	3144	2348	2866	3520	2926	3447	1949
scanmut_trans_8_pos_31	1087	2776	2388	1906	2679	1512	1749	2049	850	1456	3859	1458	1520
scanmut_trans_8_pos_32	126	60	320	1066	777	1323	1431	4341	1438	755	774	571	965
scanmut_trans_8_pos_33	1604	3168	3429	1880	1948	1821	3392	1552	1569	1631	831	1089	1000
scanmut_trans_8_pos_34	4053	1419	1053	2533	1807	1498	1206	2130	1346	1426	1880	91	960
scanmut_trans_8_pos_35	2786	1480	2870	2545	957	1046	1677	2098	1588	1010	1395	1273	988
scanmut_trans_8_pos_36	2679	1885	1040	915	1517	1768	2115	3268	1264	1847	2666	1582	1441
scanmut_trans_8_pos_37	1798	1376	1409	943	912	355	2461	762	1126	1249	1156	1186	1164
scanmut_trans_8_pos_38	999	1102	797	367	1355	2122	878	2842	769	1598	1347	901	508
scanmut_trans_8_pos_39	1597	1121	2045	496	1080	2132	2141	1458	1241	879	1562	460	1250
scanmut_trans_8_pos_40	1167	1148	1002	1349	706	806	1807	1022	1148	1047	793	327	1043
scanmut_trans_8_pos_41	730	1962	765	1419	876	484	691	3367	975	846	1502	1028	780
scanmut_trans_8_pos_42	1088	1609	1603	2001	1323	1555	625	2349	3511	1702	1775	1024	963
scanmut_trans_8_pos_43	1329	1256	2121	949	913	1313	573	1780	1853	3391	1266	10	1185
scanmut_trans_8_pos_44	989	1506	700	1582	1948	1533	313	1536	1136	871	751	2151	1036
scanmut_trans_8_pos_45	2742	1436	1883	880	2016	3348	3433	1471	1904	2491	947	785	1647
scanmut_trans_8_pos_46	2290	1829	2495	967	1493	2590	1173	1430	1169	672	1123	1655	654
scanmut_trans_8_pos_47	1411	2325	946	1674	2494	1824	1124	967	2019	2188	1519	1609	2051
scanmut_trans_8_pos_48	1464	1948	1132	1750	716	1930	1145	1189	2870	207	2287	1497	794
scanmut_trans_8_pos_49	1131	904	1205	900	2583	682	191	1004	1625	866	537	1150	1465
scanmut_trans_8_pos_50	497	231	1007	1252	959	1448	301	951	977	906	1067	731	649
scanmut_trans_8_pos_51	1991	972	1184	2281	3548	1597	1319	1319	1353	852	1401	1428	2014
scanmut_trans_8_pos_52	295	870	1015	684	851	999	1126	1086	391	1900	143	762	1209
scanmut_trans_8_pos_53	659	643	1084	947	379	501	498	1013	902	999	717	596	874
scanmut_trans_8_pos_54	2822	2380	1221	1581	1544	1663	521	1266	1653	1561	1177	1301	1503
scanmut_trans_8_pos_55	1320	1438	1181	1685	1850	1251	532	998	1132	530	2181	439	500
scanmut_trans_8_pos_56	1089	1410	4900	1696	1267	462	989	2175	684	1741	2555	1123	781
scanmut_trans_8_pos_57	2177	4086	1208	1289	2824	1498	1196	1250	2114	1053	1821	1331	1690
scanmut_trans_8_pos_58	1500	2067	1337	1860	834	1353	1462	1455	1892	1653	1313	2655	1877
scanmut_trans_8_pos_59	2567	938	956	1865	910	1178	1973	1030	876	1325	1294	1006	1781
scanmut_trans_8_pos_60	637	1071	1258	1641	1458	1462	730	925	980	2933	776	1841	531
scanmut_trans_8_pos_61	886	1352	1501	1534	490	1270	2044	1887	1460	943	2003	1005	1070
scanmut_trans_8_pos_62	2665	1146	713	949	907	965	397	1323	915	1297	865	1506	1375
scanmut_trans_8_pos_63	0	667	943	826	1867	797	848	308	1511	809	1407	1082	1099
scanmut_trans_8_pos_64	1388	1293	3265	1747	1879	1567	1420	2935	848	416	598	1078	1131
scanmut_trans_8_pos_65	1288	2429	2083	680	851	1152	1441	1737	1237	1957	1584	855	2597
scanmut_trans_8_pos_66	2112	823	1274	974	3067	1017	781	1763	1351	1031	1158	1789	748
scanmut_trans_8_pos_67	551	951	319	659	1529	1047	1281	535	1076	1216	687	748	1560
scanmut_trans_8_pos_68	1692	1164	608	1398	3161	1685	2149	1433	561	1897	2483	567	1142
scanmut_trans_8_pos_69	394	995	862	933	1984	1717	1596	2542	1193	1052	162	1535	3741
scanmut_trans_8_pos_70	1404	731	561	1649	1067	1290	655	1562	655	602	487	719	3184
scanmut_trans_8_pos_71	1810	2083	2624	2367	1433	2437	2067	1866	2250	2561	1319	1298	861
scanmut_trans_8_pos_72	1147	1221	1115	1453	1128	714	458	1578	1322	1146	3490	555	1514
scanmut_trans_8_pos_73	472	1265	631	710	1148	846	922	1456	2235	1597	1024	794	824
scanmut_trans_8_pos_74	2176	1585	1010	1080	1182	2537	942	1112	868	711	2528	485	1980
scanmut_trans_8_pos_75	726	1607	1248	1361	764	1185	1291	1622	847	1252	1301	1379	381
scanmut_trans_8_pos_76	1955	1130	700	2457	781	775	1288	1214	570	407	606	423	967
scanmut_trans_8_pos_77	610	1330	1114	1839	2347	916	969	1384	344	1211	826	368	759
scanmut_trans_8_pos_78	3028	389	172	283	150	751	942	631	1147	629	1045	178	424
scanmut_trans_8_pos_79	865	695	1013	712	480	1087	1490	105	1646	1271	904	1144	659
scanmut_split_revcomp_right_0_87_offset_1	986	535	816	1169	796	1075	868	151	681	1601	714	1274	1330
scanmut_split_revcomp_right_0_87_offset_2	1658	659	2226	1472	1764	1262	2363	902	1594	4090	912	1341	1732
scanmut_split_revcomp_right_0_87_offset_3	1599	1146	1024	750	2474	1200	1189	1022	1429	718	2029	1274	998
scanmut_split_revcomp_right_0_87_offset_4	589	1082	3061	1153	556	500	1303	1749	3292	5	3119	1644	1192
scanmut_split_revcomp_right_0_87_offset_5	1206	880	235	979	1931	1044	359	2714	1413	1909	1491	821	2014
scanmut_split_revcomp_right_0_87_offset_6	1431	1958	2505	1874	1345	1182	929	628	857	2941	2986	1325	2382
scanmut_split_revcomp_right_0_87_offset_7	1419	898	2833	1402	1950	1273	1731	1902	2010	1024	2726	1573	2437
scanmut_split_revcomp_right_0_87_offset_8	850	706	1681	1089	1269	861	474	2658	499	1841	1090	750	1436
scanmut_split_revcomp_right_0_87_offset_9	2859	3271	1890	2216	1671	1204	2108	4497	957	1088	933	1169	2249
scanmut_split_revcomp_right_0_87_offset_10	2918	2042	7612	4149	3939	2336	1531	1378	7539	2265	1954	1756	1700
scanmut_split_revcomp_right_0_87_offset_11	360	290	528	752	818	1057	885	662	649	1221	759	813	687
scanmut_split_revcomp_right_0_87_offset_12	1038	2378	891	1603	1650	1066	915	1223	3507	1330	1079	2053	194
scanmut_split_revcomp_right_0_87_offset_13	1889	2084	2005	3087	5329	3063	2278	1430	2600	6306	1377	1913	7529
scanmut_split_revcomp_right_0_87_offset_14	662	765	401	491	1528	1382	442	728	917	435	623	1719	1072
scanmut_split_revcomp_right_0_87_offset_15	1299	1926	1530	2919	1938	1788	618	1511	1177	3082	972	3803	373
scanmut_split_revcomp_right_0_87_offset_16	1093	1370	2835	2894	396	574	1342	1090	593	423	888	1626	1015
scanmut_split_revcomp_right_0_87_offset_17	1068	414	968	873	1121	780	837	536	710	516	956	977	533
scanmut_split_revcomp_right_0_87_offset_18	1936	1037	435	973	1156	1167	1574	1005	455	1567	3040	995	1243
scanmut_split_revcomp_right_0_87_offset_19	1967	1874	2734	4346	1893	2745	2951	3730	1074	3380	1771	1804	2536
scanmut_split_revcomp_right_0_87_offset_20	2249	1397	1873	2756	1253	2669	1194	2062	285	3843	1301	1420	1503
scanmut_split_revcomp_right_0_87_offset_21	2	916	332	1103	546	1657	880	1193	397	876	716	2361	2165
scanmut_split_revcomp_right_0_87_offset_22	1947	1545	1518	1910	814	2434	1697	1590	1016	1732	2427	638	1657
scanmut_split_revcomp_right_0_87_offset_23	877	865	1640	604	2767	899	1621	1669	685	658	880	1107	1464
scanmut_split_revcomp_right_0_87_offset_24	1513	1593	317	789	1496	1492	652	1263	920	1107	609	2132	508
scanmut_split_revcomp_right_0_87_offset_25	1571	1106	1088	2157	951	357	975	1175	835	2021	2674	1432	1085
scanmut_split_revcomp_right_0_87_offset_26	940	875	469	523	307	554	415	151	34	166	225	219	382
scanmut_split_revcomp_right_0_87_offset_27	1299	1615	1481	2110	1500	1163	808	1110	1066	1103	962	947	1992
scanmut_split_revcomp_right_0_87_offset_28	426	1852	812	2080	1174	1157	1320	860	668	846	845	1087	660
scanmut_split_revcomp_right_0_87_offset_29	1503	808	581	496	1129	588	831	643	394	1203	325	569	292
scanmut_split_revcomp_right_0_87_offset_30	966	1409	1073	725	1176	376	590	566	1346	661	961	702	974
scanmut_split_revcomp_right_0_87_offset_31	332	624	604	720	991	2595	452	436	603	363	1184	861	1070
scanmut_split_revcomp_right_0_87_offset_32	2297	3470	1922	1777	1597	367	1790	1611	961	2365	1133	1699	1301
scanmut_split_revcomp_right_0_87_offset_33	319	0	41	338	49	51	138	195	243	303	121	367	98
scanmut_split_revcomp_right_0_87_offset_34	996	261	749	1017	1015	401	621	449	1264	1237	388	1200	1409
scanmut_split_revcomp_right_0_87_offset_35	2614	659	586	939	1402	1391	1161	1057	619	817	609	1209	930
scanmut_split_revcomp_right_0_87_offset_36	566	563	318	1861	432	392	603	508	1736	914	1016	481	869
scanmut_split_revcomp_right_0_87_offset_37	445	537	382	697	411	847	1012	390	418	318	555	320	700
scanmut_split_revcomp_right_0_87_offset_38	1288	502	917	870	654	891	974	793	636	739	725	694	268
scanmut_split_revcomp_right_0_87_offset_39	370	792	405	626	400	1043	448	685	1094	773	422	703	536
scanmut_split_revcomp_right_0_87_offset_40	175	430	531	318	445	150	270	372	392	345	1091	397	477
scanmut_split_revcomp_right_0_87_offset_41	918	903	710	726	971	451	1599	266	1164	923	3194	880	1533
scanmut_split_revcomp_right_0_87_offset_42	337	296	196	524	237	218	110	187	375	434	419	428	175
scanmut_split_revcomp_right_0_87_offset_43	1496	191	925	1035	2427	684	1720	1584	626	522	1072	83	1396
scanmut_split_revcomp_right_0_87_offset_44	614	979	929	664	105	385	1148	595	982	420	1084	437	366
scanmut_split_revcomp_right_0_87_offset_45	220	591	2	162	716	254	483	280	575	311	592	224	657
scanmut_split_revcomp_right_0_87_offset_46	1220	1285	1340	906	1320	207	1145	2300	2246	3868	3209	1148	962
scanmut_split_revcomp_right_0_87_offset_47	181	625	764	382	458	355	402	401	275	141	185	577	616
scanmut_split_revcomp_right_0_87_offset_48	484	641	342	1141	850	375	871	374	848	968	674	400	505
scanmut_split_revcomp_right_0_87_offset_49	483	1611	2015	1442	2285	1177	584	589	621	1969	2242	1486	889
scanmut_split_revcomp_right_0_87_offset_50	263	1035	489	610	830	286	435	591	579	164	450	219	602
scanmut_split_revcomp_right_0_87_offset_51	1186	1692	938	1346	1073	426	2453	1160	1886	1111	465	354	978
scanmut_split_revcomp_right_0_87_offset_52	205	538	1024	532	630	153	397	1056	837	695	990	239	489
scanmut_split_revcomp_right_0_87_offset_53	1084	754	1068	515	588	751	522	549	217	526	1203	664	631
scanmut_split_revcomp_right_0_87_offset_54	361	1060	459	710	1027	1410	592	741	936	732	677	1253	707
scanmut_split_revcomp_right_0_87_offset_55	1173	637	897	634	1734	705	763	705	851	566	517	102	394
scanmut_split_revcomp_right_0_87_offset_56	614	1443	480	633	243	304	1068	594	984	893	695	1004	332
scanmut_split_revcomp_right_0_87_offset_57	330	1082	623	915	627	682	836	635	374	859	532	487	1517
scanmut_split_revcomp_right_0_87_offset_58	433	1021	630	1086	1111	1136	892	1656	1284	717	1393	627	2387
scanmut_split_revcomp_right_0_87_offset_59	1047	473	834	968	1059	1818	633	1050	849	326	724	937	1299
scanmut_split_revcomp_right_0_87_offset_60	1735	647	1281	1239	2214	1270	2508	3281	1723	1688	704	1294	1711
scanmut_split_revcomp_right_0_87_offset_61	1087	211	646	1395	670	1233	531	1193	1563	1348	893	1482	621
scanmut_split_revcomp_right_0_87_offset_62	1296	1288	2135	940	1465	1404	994	2116	2225	563	785	1438	1944
scanmut_split_revcomp_right_0_87_offset_63	6	980	892	1040	419	1388	225	1504	620	233	654	799	225
scanmut_split_revcomp_right_0_87_offset_64	839	873	881	843	975	879	976	889	845	677	753	948	445
scanmut_split_revcomp_right_0_87_offset_65	1044	1370	804	785	548	920	579	1696	884	285	687	382	1681
scanmut_split_revcomp_right_0_87_offset_66	535	1040	480	670	1122	540	644	472	937	1352	1335	521	684
scanmut_split_revcomp_right_0_87_offset_67	5183	1394	1330	1222	1109	2501	1774	770	1676	2252	1013	1175	1740
scanmut_split_revcomp_right_0_87_offset_68	983	952	1121	1630	740	945	488	753	825	1261	268	820	853
scanmut_split_revcomp_right_0_87_offset_69	568	693	396	383	612	365	456	727	1157	350	390	761	347
scanmut_split_revcomp_right_0_87_offset_70	855	1761	1058	850	851	868	978	690	677	1623	700	1264	1298
scanmut_split_revcomp_right_0_87_offset_71	752	3458	95	1252	1206	1364	1395	1301	1943	1943	1906	1593	2367
scanmut_split_revcomp_right_0_87_offset_72	664	242	283	388	1007	784	1722	429	1297	148	1327	975	1133
scanmut_split_revcomp_right_0_87_offset_73	1019	2410	850	1310	896	2259	1492	1341	583	1024	404	766	771
scanmut_split_revcomp_right_0_87_offset_74	214	1224	413	459	177	382	599	1538	212	705	361	604	857
scanmut_split_revcomp_right_0_87_offset_75	417	1375	485	675	406	1712	692	1339	522	443	653	1027	546
scanmut_split_revcomp_right_0_87_offset_76	592	1128	576	253	1802	677	1288	1174	2011	593	1425	455	902
scanmut_split_revcomp_right_0_87_offset_77	1825	1459	2697	1429	888	1695	743	2311	1405	1095	3456	2048	888
scanmut_split_revcomp_right_0_87_offset_78	343	218	685	146	659	336	485	113	359	190	337	31	454
scanmut_split_revcomp_right_0_87_offset_79	946	6789	1369	583	611	682	561	223	1290	2019	167	814	513
scanmut_split_revcomp_right_0_87_offset_80	745	956	1845	1031	1126	248	1261	1553	1177	1855	2249	450	1485
scanmut_split_revcomp_right_0_87_offset_81	2746	1479	1392	1838	2342	1101	812	2177	1887	3120	2079	2050	1414
scanmut_split_revcomp_right_0_87_offset_82	1159	536	1065	1827	1219	1706	1331	1171	1963	545	1391	660	1635
scanmut_split_revcomp_right_0_87_offset_83	1234	1910	532	2647	1024	1429	1817	1183	1079	827	1584	1501	1081
scanmut_split_revcomp_right_0_87_offset_84	1446	723	1510	1308	815	1002	694	698	1204	642	1635	684	1818
scanmut_split_revcomp_right_0_87_offset_85	744	1096	442	1012	1644	554	424	776	369	1209	1225	1022	803
scanmut_split_revcomp_right_0_87_offset_86	526	492	374	1409	332	457	514	1302	1672	1426	635	796	846
scanmut_split_revcomp_left_0_87_offset_1	226	723	99	546	899	177	835	1564	121	1678	1932	813	391
scanmut_split_revcomp_left_0_87_offset_2	895	2027	1280	3703	3254	3326	1783	1404	1873	2283	2600	1355	4686
scanmut_split_revcomp_left_0_87_offset_3	396	2061	1381	1753	852	1465	778	948	1126	1324	899	1117	339
scanmut_split_revcomp_left_0_87_offset_4	1699	1428	2041	1025	610	1469	3091	2158	970	887	576	1570	243
scanmut_split_revcomp_left_0_87_offset_5	1892	2036	1188	1244	1643	795	2299	1334	792	882	1774	701	709
scanmut_split_revcomp_left_0_87_offset_6	1054	214	879	798	921	1083	310	1087	392	365	417	339	492
scanmut_split_revcomp_left_0_87_offset_7	734	941	639	561	1140	404	524	385	1231	1537	999	672	746
scanmut_split_revcomp_left_0_87_offset_8	438	325	1419	282	359	470	321	704	568	707	670	218	441
scanmut_split_revcomp_left_0_87_offset_9	544	515	1177	5129	2506	807	983	1735	1079	815	1918	1062	1027
scanmut_split_revcomp_left_0_87_offset_10	7129	3705	6773	2160	1850	3178	2860	2017	1777	4253	1857	4959	3464
scanmut_split_revcomp_left_0_87_offset_11	7354	1167	1810	2171	1327	1888	2731	1304	664	4966	11826	1010	1756
scanmut_split_revcomp_left_0_87_offset_12	1724	1084	2300	1375	2205	1419	1699	804	1899	1985	2327	1066	2418
scanmut_split_revcomp_left_0_87_offset_13	258	357	1771	589	654	1171	786	769	76	241	80	742	6
scanmut_split_revcomp_left_0_87_offset_14	733	896	342	371	708	450	526	906	674	886	1132	1781	1901
scanmut_split_revcomp_left_0_87_offset_15	2680	1833	535	1329	992	3291	1917	579	2665	2660	3248	1311	2018
scanmut_split_revcomp_left_0_87_offset_16	1179	3787	1297	1304	629	1895	711	688	1431	547	1271	2986	1338
scanmut_split_revcomp_left_0_87_offset_17	1117	1270	830	1535	727	1131	920	986	770	810	503	738	1111
scanmut_split_revcomp_left_0_87_offset_18	954	189	662	294	2675	145	1539	939	2076	1707	1521	172	152
scanmut_split_revcomp_left_0_87_offset_19	793	3127	1997	7130	1232	2738	2127	1434	2217	3206	1360	1813	826
scanmut_split_revcomp_left_0_87_offset_20	5768	5986	2628	1927	3738	2812	2713	5706	4260	2463	4654	1619	88
scanmut_split_revcomp_left_0_87_offset_21	3515	2656	1955	3397	3318	2725	1671	2045	2136	2310	3271	1658	2011
scanmut_split_revcomp_left_0_87_offset_22	3591	4539	2148	2085	1651	1814	4202	7330	1810	2838	3578	2348	3280
scanmut_split_revcomp_left_0_87_offset_23	3658	2285	2003	4775	2682	4707	3071	3166	3201	3433	1878	5287	2435
scanmut_split_revcomp_left_0_87_offset_24	2015	2133	1709	1693	3234	3463	3231	2876	1598	3473	1203	3704	4559
scanmut_split_revcomp_left_0_87_offset_25	1331	2823	4293	3027	2446	3829	2789	5959	2102	1503	2438	4086	2969
scanmut_split_revcomp_left_0_87_offset_26	4088	2207	2719	2011	4648	1796	4240	1141	4266	3706	3264	3724	4805
scanmut_split_revcomp_left_0_87_offset_27	2397	2181	5061	4058	5148	1753	2631	4715	2508	3729	5288	2073	2388
scanmut_split_revcomp_left_0_87_offset_28	5316	2386	4071	2057	9298	4737	4606	6455	4244	2358	7213	5332	4120
scanmut_split_revcomp_left_0_87_offset_29	3268	2283	10215	3828	575	1360	1680	7515	2211	3185	3223	4744	1561
scanmut_split_revcomp_left_0_87_offset_30	5081	4029	2635	3314	972	5288	11768	3931	4628	4673	5662	4282	3891
scanmut_split_revcomp_left_0_87_offset_31	2017	2601	4093	1977	5766	2088	1828	2786	2509	3048	1152	1490	3225
scanmut_split_revcomp_left_0_87_offset_32	3487	1614	1966	7283	2678	5027	1995	4040	1695	3207	2405	3810	1032
scanmut_split_revcomp_left_0_87_offset_33	2085	1660	4520	3539	4970	1327	2351	1304	1785	3577	3089	3000	3984
scanmut_split_revcomp_left_0_87_offset_34	940	2576	4028	3041	2643	3665	2022	7109	2669	1520	1811	1437	1046
scanmut_split_revcomp_left_0_87_offset_35	2627	3548	3145	4717	2076	466	3762	2796	9946	2474	4190	4490	3777
scanmut_split_revcomp_left_0_87_offset_36	1688	2755	5911	1924	3759	1986	1476	2948	7612	2980	2059	5397	2611
scanmut_split_revcomp_left_0_87_offset_37	656	1003	1283	1003	749	2013	1110	280	570	596	474	711	560
scanmut_split_revcomp_left_0_87_offset_38	1814	2475	2069	2508	3516	1659	899	1948	1236	1372	1217	1734	2258
scanmut_split_revcomp_left_0_87_offset_39	519	809	605	457	620	1266	601	432	763	110	892	259	583
scanmut_split_revcomp_left_0_87_offset_40	675	769	711	547	240	980	1829	1089	464	1040	625	891	969
scanmut_split_revcomp_left_0_87_offset_41	1956	832	536	1810	3392	1180	1519	1290	1558	3260	1790	1021	1572
scanmut_split_revcomp_left_0_87_offset_42	128	974	1161	1251	2771	1079	1351	530	1108	1273	1961	2378	884
scanmut_split_revcomp_left_0_87_offset_43	811	1188	1214	2210	1240	1303	718	1447	1542	2689	531	853	1140
scanmut_split_revcomp_left_0_87_offset_44	974	1051	1024	878	5799	967	1566	1696	985	4011	1686	1998	1494
scanmut_split_revcomp_left_0_87_offset_45	1992	1200	1545	5639	5142	1264	3526	1017	1358	3248	2259	1142	1817
scanmut_split_revcomp_left_0_87_offset_46	2142	461	1649	1085	1613	1568	2668	2390	834	567	1946	910	1151
scanmut_split_revcomp_left_0_87_offset_47	1370	1404	6332	4032	1011	2128	969	1539	1649	1757	2356	1042	1672
scanmut_split_revcomp_left_0_87_offset_48	1173	1062	1851	1463	2564	499	4050	1559	1990	1519	1402	2526	2716
scanmut_split_revcomp_left_0_87_offset_49	210	2090	2249	3579	2001	4896	2669	4813	1844	1911	2122	2678	1023
scanmut_split_revcomp_left_0_87_offset_50	3629	1508	1621	3634	3331	1146	2009	701	2212	1729	4007	1773	2039
scanmut_split_revcomp_left_0_87_offset_51	2337	2298	2492	1437	1772	1933	3953	1054	756	1485	3107	3145	5182
scanmut_split_revcomp_left_0_87_offset_52	715	1482	1837	2069	1020	1449	838	1564	680	1541	2322	2977	2099
scanmut_split_revcomp_left_0_87_offset_53	2132	1859	1799	3086	3248	2857	3277	3033	5550	2667	2676	3467	732
scanmut_split_revcomp_left_0_87_offset_54	1682	8394	4949	1671	1965	2295	102	2828	1232	1947	2500	2757	2917
scanmut_split_revcomp_left_0_87_offset_55	5156	2068	2420	2465	2300	4822	1110	1744	3232	6150	3715	3704	2872
scanmut_split_revcomp_left_0_87_offset_56	771	1343	1573	1918	1402	1372	1464	1013	1334	2859	1808	3143	1043
scanmut_split_revcomp_left_0_87_offset_57	2855	2666	2380	1980	4849	2419	2585	2035	1736	1940	2244	2227	2419
scanmut_split_revcomp_left_0_87_offset_58	868	5648	1642	1766	2831	3126	3153	1279	2213	3646	1893	1040	4061
scanmut_split_revcomp_left_0_87_offset_59	956	647	670	905	693	230	1171	512	392	563	598	327	493
scanmut_split_revcomp_left_0_87_offset_60	1106	3802	2369	1898	1610	4156	2831	2808	2174	6111	2987	1745	2197
scanmut_split_revcomp_left_0_87_offset_61	2120	2324	2236	7815	2421	1076	1611	2491	9437	2337	2509	908	1619
scanmut_split_revcomp_left_0_87_offset_62	1097	2978	2748	3237	1819	2900	1982	2893	1324	2672	3163	2487	3146
scanmut_split_revcomp_left_0_87_offset_63	942	754	450	563	537	114	153	503	154	317	626	393	949
scanmut_split_revcomp_left_0_87_offset_64	2456	2094	862	2468	2211	915	2714	2722	3166	1838	747	1989	1185
scanmut_split_revcomp_left_0_87_offset_65	3268	2760	1705	2696	2440	1597	3451	915	3438	1274	2874	4254	2387
scanmut_split_revcomp_left_0_87_offset_66	2141	1914	1533	1454	843	2307	2691	1037	1304	5325	1655	1386	1970
scanmut_split_revcomp_left_0_87_offset_67	729	2192	3144	2648	8648	7170	4393	2659	5028	267	2345	2757	2054
scanmut_split_revcomp_left_0_87_offset_68	1984	1618	1805	2763	2616	964	1340	152	1329	1289	2156	1726	1855
scanmut_split_revcomp_left_0_87_offset_69	2460	1344	2107	1678	2474	2672	2366	1501	603	2570	2466	4142	1452
scanmut_split_revcomp_left_0_87_offset_70	2693	2097	2236	8948	942	1308	3945	1168	2757	1217	5012	740	5216
scanmut_split_revcomp_left_0_87_offset_71	3338	3294	4420	3106	2508	2459	1484	4373	930	5398	2068	2727	2588
scanmut_split_revcomp_left_0_87_offset_72	1830	8747	2315	3538	1717	1882	2208	1111	644	4069	2536	1807	3778
scanmut_split_revcomp_left_0_87_offset_73	1707	1203	6689	5473	2255	12482	3285	1790	2458	2165	476	3208	1615
scanmut_split_revcomp_left_0_87_offset_74	3190	1606	3060	2485	1886	2789	2677	2047	3671	1899	1701	1580	2140
scanmut_split_revcomp_left_0_87_offset_75	3979	1854	1201	1760	2104	1009	501	1417	2081	1205	1240	1106	725
scanmut_split_revcomp_left_0_87_offset_76	136	1025	284	282	1153	762	1180	527	302	553	942	927	660
scanmut_split_revcomp_left_0_87_offset_77	212	311	206	1138	235	208	318	279	132	489	170	383	214
scanmut_split_revcomp_left_0_87_offset_78	128	292	422	333	413	380	537	572	445	264	82	353	261
scanmut_split_revcomp_left_0_87_offset_79	1068	1796	1703	2174	1667	2221	665	2535	1045	1708	2565	1969	1202
scanmut_split_revcomp_left_0_87_offset_80	3349	2346	2757	1229	2446	5767	2765	3222	1759	6011	1833	2216	2479
scanmut_split_revcomp_left_0_87_offset_81	2562	2297	1597	2186	2481	1167	2000	1720	2011	2285	1736	1653	1003
scanmut_split_revcomp_left_0_87_offset_82	731	1649	1374	2157	2671	1510	1026	1740	1013	1987	2169	1798	2037
scanmut_split_revcomp_left_0_87_offset_83	969	1968	5034	2557	5067	2867	3303	2116	2682	3081	2944	2148	2177
scanmut_split_revcomp_left_0_87_offset_84	6208	748	1360	3738	2518	1391	3427	1934	1620	2162	1854	651	2093
scanmut_split_revcomp_left_0_87_offset_85	3709	2054	2637	1680	3009	3163	2127	514	2215	1138	2734	1851	1425
scanmut_split_revcomp_left_0_87_offset_86	1984	581	282	2252	3114	1882	1840	1273	1421	1566	1167	1787	1917
scanmut_insertleft_TTAGC_pos_0	1044	1649	758	470	1146	1188	431	825	707	533	374	491	431
scanmut_insertleft_TTAGC_pos_1	461	1097	1819	978	550	1353	3585	1019	729	566	1684	1053	794
scanmut_insertleft_TTAGC_pos_2	801	479	1212	1304	264	1550	1731	846	1325	1326	1261	3215	1404
scanmut_insertleft_TTAGC_pos_3	1049	677	794	3816	978	1606	818	1707	760	1062	2007	1887	2356
scanmut_insertleft_TTAGC_pos_4	970	1083	1147	3951	1687	2094	2599	503	1436	2482	1425	2896	2414
scanmut_insertleft_TTAGC_pos_5	2181	3319	1200	5144	1674	4029	2513	2133	5457	3633	3094	4532	6662
scanmut_insertleft_TTAGC_pos_6	2891	4186	3684	5496	2148	5262	2691	3965	5306	3793	6188	4295	2505
scanmut_insertleft_TTAGC_pos_7	3179	3321	3215	9466	4560	2015	1336	2715	1743	2872	3866	3555	1565
scanmut_insertleft_TTAGC_pos_8	3283	2791	864	2659	1865	3504	4521	2748	2050	2270	1576	3174	2199
scanmut_insertleft_TTAGC_pos_9	1570	809	1715	3698	8570	2163	2315	1747	2149	1893	2774	2179	2117
scanmut_insertleft_TTAGC_pos_10	2457	1289	2153	3575	3036	3147	3564	5915	3852	3352	3673	2743	3188
scanmut_insertleft_TTAGC_pos_11	1136	1329	1303	1067	658	2170	1557	1886	440	1317	2600	1497	2141
scanmut_insertleft_TTAGC_pos_12	2109	3414	1806	1079	2910	3373	2195	3078	2508	2671	2340	3906	1276
scanmut_insertleft_TTAGC_pos_13	2090	4873	1717	1512	2566	1427	1330	1072	2604	1113	3158	3026	2120
scanmut_insertleft_TTAGC_pos_14	4144	2446	3547	8732	858	2444	3792	1849	1592	2233	3080	2701	2043
scanmut_insertleft_TTAGC_pos_15	4331	1042	1852	4448	1040	2486	3063	4155	1042	5623	4081	4606	1150
scanmut_insertleft_TTAGC_pos_16	2497	988	4732	3097	3129	1276	1130	1153	1356	1878	2544	1958	1239
scanmut_insertleft_TTAGC_pos_17	2893	2437	3962	2299	4126	1330	1113	2427	1429	3524	2177	10807	3192
scanmut_insertleft_TTAGC_pos_18	1696	3179	8237	3018	2040	2612	2134	3808	2813	3060	3350	393	1647
scanmut_insertleft_TTAGC_pos_19	3576	2320	2992	1645	9022	2807	2327	577	2153	2176	1828	3937	1726
scanmut_insertleft_TTAGC_pos_20	4091	4416	493	1714	4189	7026	1865	1922	2705	6157	3013	1801	1151
scanmut_insertleft_TTAGC_pos_21	2066	1557	2290	2994	3153	1316	1930	2243	1719	3217	2179	1887	2965
scanmut_insertleft_TTAGC_pos_22	722	571	500	1318	586	351	560	1633	1237	934	726	607	523
scanmut_insertleft_TTAGC_pos_23	936	732	708	1071	1812	1269	1140	340	1277	1025	781	358	918
scanmut_insertleft_TTAGC_pos_24	673	1241	233	722	142	1348	1090	743	669	789	604	357	492
scanmut_insertleft_TTAGC_pos_25	1136	885	305	1609	436	210	1081	535	2092	643	896	924	1147
scanmut_insertleft_TTAGC_pos_26	739	192	1435	887	497	580	668	525	1133	668	1483	586	219
scanmut_insertleft_TTAGC_pos_27	1413	1107	1133	481	1622	2710	727	510	466	1038	740	1050	1325
scanmut_insertleft_TTAGC_pos_28	260	1100	1023	414	806	1071	33	848	528	1033	782	1790	1430
scanmut_insertleft_TTAGC_pos_29	867	612	420	881	1515	402	462	1058	880	254	599	666	186
scanmut_insertleft_TTAGC_pos_30	56	389	712	976	821	873	342	420	1222	598	582	1183	239
scanmut_insertleft_TTAGC_pos_31	505	616	1629	479	456	1127	1935	415	945	859	1273	786	1340
scanmut_insertleft_TTAGC_pos_32	1542	434	441	442	316	863	916	741	1402	820	1373	1229	670
scanmut_insertleft_TTAGC_pos_33	910	1157	676	1370	254	344	514	728	926	733	616	314	987
scanmut_insertleft_TTAGC_pos_34	734	1578	1675	298	1356	994	317	708	575	577	1399	1561	1140
scanmut_insertleft_TTAGC_pos_35	1195	1186	1025	711	1237	1108	836	729	1124	1420	442	779	790
scanmut_insertleft_TTAGC_pos_36	728	750	546	554	826	1490	966	559	196	1011	430	1149	894
scanmut_insertleft_TTAGC_pos_37	903	570	405	352	491	199	1376	248	816	1090	1064	289	850
scanmut_insertleft_TTAGC_pos_38	379	1170	1559	747	457	754	703	865	706	437	568	775	715
scanmut_insertleft_TTAGC_pos_39	1002	427	1584	337	1463	770	1421	710	877	1804	1321	794	1075
scanmut_insertleft_TTAGC_pos_40	791	1771	655	1029	724	1203	1352	687	701	919	878	783	724
scanmut_insertleft_TTAGC_pos_41	644	581	555	1010	762	275	1189	915	689	722	521	882	706
scanmut_insertleft_TTAGC_pos_42	1076	1837	450	1501	1374	1547	1414	989	3	1655	1753	1331	1290
scanmut_insertleft_TTAGC_pos_43	817	865	1294	1634	595	687	1161	890	438	649	486	248	872
scanmut_insertleft_TTAGC_pos_44	474	256	801	785	1092	341	536	838	1915	1585	325	968	641
scanmut_insertleft_TTAGC_pos_45	1007	1204	808	428	1199	548	1653	643	1807	907	728	616	1122
scanmut_insertleft_TTAGC_pos_46	683	784	724	1303	451	925	1159	1603	917	876	808	1067	940
scanmut_insertleft_TTAGC_pos_47	1256	743	744	930	699	416	142	324	440	581	827	924	282
scanmut_insertleft_TTAGC_pos_48	778	136	1157	629	571	747	579	485	380	702	550	869	509
scanmut_insertleft_TTAGC_pos_49	730	1097	288	603	828	772	1159	479	766	1034	897	0	7
scanmut_insertleft_TTAGC_pos_50	1007	824	622	175	1006	906	542	971	144	992	1084	836	455
scanmut_insertleft_TTAGC_pos_51	1189	667	678	278	680	460	155	183	957	250	1710	337	867
scanmut_insertleft_TTAGC_pos_52	17	385	572	1120	631	1415	318	875	827	677	407	1386	221
scanmut_insertleft_TTAGC_pos_53	612	413	563	1009	541	569	1128	207	1009	1113	507	372	835
scanmut_insertleft_TTAGC_pos_54	737	574	590	388	374	1012	1177	1012	1095	2096	645	1559	1022
scanmut_insertleft_TTAGC_pos_55	1156	471	352	598	1661	764	1659	1228	365	1216	622	576	531
scanmut_insertleft_TTAGC_pos_56	425	927	685	296	265	389	631	854	94	860	152	1775	513
scanmut_insertleft_TTAGC_pos_57	1059	1137	902	967	379	490	731	411	1249	1599	1027	934	344
scanmut_insertleft_TTAGC_pos_58	312	1007	579	1382	378	607	761	779	1455	373	1066	575	561
scanmut_insertleft_TTAGC_pos_59	815	1900	1578	266	1201	680	487	494	1096	470	849	436	814
scanmut_insertleft_TTAGC_pos_60	166	1553	486	637	952	1180	753	1642	359	1300	743	2681	858
scanmut_insertleft_TTAGC_pos_61	926	270	838	693	1663	299	1559	343	1848	816	1753	205	1637
scanmut_insertleft_TTAGC_pos_62	1353	1396	1748	1226	1397	2048	1736	578	772	931	539	951	1195
scanmut_insertleft_TTAGC_pos_63	729	512	852	622	768	800	489	1156	699	1061	769	935	1170
scanmut_insertleft_TTAGC_pos_64	631	936	2860	863	527	842	467	1193	1112	1439	1248	751	918
scanmut_insertleft_TTAGC_pos_65	831	229	260	336	453	1404	222	964	540	607	1139	620	620
scanmut_insertleft_TTAGC_pos_66	949	468	409	155	252	688	458	601	995	434	891	972	503
scanmut_insertleft_TTAGC_pos_67	140	910	612	526	1030	90	1049	427	630	653	1266	895	1004
scanmut_insertleft_TTAGC_pos_68	1135	1142	1041	1847	902	547	729	648	854	454	969	1236	595
scanmut_insertleft_TTAGC_pos_69	335	925	745	550	515	329	988	1431	645	1100	1016	857	1285
scanmut_insertleft_TTAGC_pos_70	1032	951	633	872	178	864	938	1206	472	780	939	773	268
scanmut_insertleft_TTAGC_pos_71	229	1109	1010	717	1367	1093	475	825	1143	276	197	1322	582
scanmut_insertleft_TTAGC_pos_72	703	333	1042	641	520	746	354	841	303	414	877	825	443
scanmut_insertleft_TTAGC_pos_73	764	483	456	1263	837	1516	517	319	442	1106	1577	741	948
scanmut_insertleft_TTAGC_pos_74	1251	1265	794	2363	682	1332	588	1082	515	850	1755	1597	1619
scanmut_insertleft_TTAGC_pos_75	1159	559	393	1433	766	783	1306	859	548	304	408	695	890
scanmut_insertleft_TTAGC_pos_76	1521	628	91	402	830	830	1710	1171	1482	1717	751	1048	506
scanmut_insertleft_TTAGC_pos_77	1807	427	1046	1097	960	1097	940	638	896	577	740	1284	702
scanmut_insertleft_TTAGC_pos_78	313	640	445	1549	2143	1700	1554	1041	904	1504	1353	374	1758
scanmut_insertleft_TTAGC_pos_79	533	601	553	704	869	1026	609	1601	1524	440	902	671	910
scanmut_insertleft_TTAGC_pos_80	523	1884	1224	888	694	816	401	343	1817	1872	1400	1019	173
scanmut_insertleft_TTAGC_pos_81	929	588	597	504	707	222	323	976	199	205	712	185	314
scanmut_insertleft_TTAGC_pos_82	772	729	427	967	366	432	345	233	442	779	453	291	369
scanmut_insertleft_CTGCA_pos_0	607	974	798	669	882	1449	345	643	1021	1513	772	918	481
scanmut_insertleft_CTGCA_pos_1	638	1116	821	1144	960	685	670	605	752	1298	966	572	1138
scanmut_insertleft_CTGCA_pos_2	882	1254	1278	1825	1988	3454	3951	1841	1586	2651	1637	978	410
scanmut_insertleft_CTGCA_pos_3	1871	4418	2656	3084	2571	1722	641	1695	2134	4610	1274	1507	1688
scanmut_insertleft_CTGCA_pos_4	2362	1544	3543	2203	468	2686	2750	1204	3093	2807	906	2363	6485
scanmut_insertleft_CTGCA_pos_5	1029	2906	3038	2073	1283	1099	680	2008	1027	548	2480	2673	2450
scanmut_insertleft_CTGCA_pos_6	3299	2535	2633	3587	2774	2293	6878	1354	3547	3038	2052	3879	2369
scanmut_insertleft_CTGCA_pos_7	5096	1889	1674	1431	1948	1514	421	1945	904	2019	1435	7519	651
scanmut_insertleft_CTGCA_pos_8	1255	1359	2125	2915	4041	2764	2332	937	4605	1235	2348	1043	1841
scanmut_insertleft_CTGCA_pos_9	4997	2315	1497	2789	1129	4594	2702	2840	1524	1819	1025	3478	5484
scanmut_insertleft_CTGCA_pos_10	1105	1452	2213	1134	996	902	1950	1491	1870	956	2063	1601	1499
scanmut_insertleft_CTGCA_pos_11	990	678	437	1717	122	487	348	565	402	231	808	506	464
scanmut_insertleft_CTGCA_pos_12	900	2334	2430	4398	5438	1549	1302	1995	4092	2411	1830	722	4333
scanmut_insertleft_CTGCA_pos_13	1180	2809	972	1009	1064	2146	1006	1240	1150	2105	1443	3448	1885
scanmut_insertleft_CTGCA_pos_14	754	1095	442	748	1740	1450	1021	538	895	287	1201	1319	749
scanmut_insertleft_CTGCA_pos_15	2099	1971	2715	3693	1394	2975	820	3784	1898	1949	2002	2996	1733
scanmut_insertleft_CTGCA_pos_16	1393	2578	3701	602	2915	1416	4364	2695	2748	3046	1653	2005	1790
scanmut_insertleft_CTGCA_pos_17	1686	483	471	951	205	1747	1102	934	1413	1505	387	969	444
scanmut_insertleft_CTGCA_pos_18	3913	3795	2020	4410	1570	5300	6293	4209	6251	2127	4225	3283	4948
scanmut_insertleft_CTGCA_pos_19	2996	3767	2857	3438	3946	5194	1755	2766	5523	1650	3127	1535	1812
scanmut_insertleft_CTGCA_pos_20	1119	2596	4006	1890	2988	2497	1513	2254	2781	1655	1596	3178	1457
scanmut_insertleft_CTGCA_pos_21	1929	1265	2762	4094	3318	2023	1796	3655	462	2848	5142	1222	1790
scanmut_insertleft_CTGCA_pos_22	731	1436	1954	1419	367	1594	557	1265	666	1561	461	1894	1142
scanmut_insertleft_CTGCA_pos_23	383	1780	505	411	654	257	1141	1406	391	1147	620	592	928
scanmut_insertleft_CTGCA_pos_24	1233	502	388	1060	459	770	1422	1372	1263	652	108	1307	691
scanmut_insertleft_CTGCA_pos_25	963	1116	315	581	1733	1415	676	894	1060	1025	708	1480	790
scanmut_insertleft_CTGCA_pos_26	941	652	1354	319	951	544	1573	325	3262	1182	851	981	1298
scanmut_insertleft_CTGCA_pos_27	768	1015	767	491	509	1717	414	702	982	664	607	511	517
scanmut_insertleft_CTGCA_pos_28	964	386	454	590	109	502	730	892	374	298	1310	551	694
scanmut_insertleft_CTGCA_pos_29	711	1155	759	568	1772	1079	1360	766	605	444	570	678	838
scanmut_insertleft_CTGCA_pos_30	121	1620	1032	685	1116	1326	815	1385	689	1201	444	814	952
scanmut_insertleft_CTGCA_pos_31	587	1074	716	1179	406	514	420	587	891	149	1186	420	564
scanmut_insertleft_CTGCA_pos_32	682	496	326	1217	758	1138	1108	628	1393	625	1014	503	1296
scanmut_insertleft_CTGCA_pos_33	29	1259	794	1276	700	2023	850	474	166	967	1114	767	433
scanmut_insertleft_CTGCA_pos_34	1220	1763	1080	1959	1451	741	1432	962	964	1708	639	993	1241
scanmut_insertleft_CTGCA_pos_35	830	1257	588	572	915	746	627	295	503	588	419	975	511
scanmut_insertleft_CTGCA_pos_36	965	359	590	407	762	432	1506	1384	650	1162	1371	1155	904
scanmut_insertleft_CTGCA_pos_37	397	998	481	1320	1013	959	482	1143	1040	868	670	198	688
scanmut_insertleft_CTGCA_pos_38	659	481	693	1145	1301	294	546	1111	999	183	1623	1401	850
scanmut_insertleft_CTGCA_pos_39	1162	1763	1287	1	531	217	1760	1601	308	1197	1104	1061	1485
scanmut_insertleft_CTGCA_pos_40	635	540	592	878	1041	531	1255	883	1140	1200	1101	1512	726
scanmut_insertleft_CTGCA_pos_41	416	725	1001	986	268	1459	479	819	510	1474	629	1617	1524
scanmut_insertleft_CTGCA_pos_42	1305	862	579	626	1515	1032	922	1777	1243	654	312	631	949
scanmut_insertleft_CTGCA_pos_43	800	1326	796	336	331	832	634	1264	552	111	472	1671	637
scanmut_insertleft_CTGCA_pos_44	358	365	199	894	180	736	2	637	981	2418	297	521	861
scanmut_insertleft_CTGCA_pos_45	321	511	752	1069	1666	334	1762	443	629	1085	980	651	365
scanmut_insertleft_CTGCA_pos_46	212	751	130	618	2330	667	773	348	1045	728	376	541	970
scanmut_insertleft_CTGCA_pos_47	319	811	341	659	1268	375	1208	813	219	663	997	832	498
scanmut_insertleft_CTGCA_pos_48	407	509	517	1041	1005	1055	1151	702	562	641	1125	2041	2131
scanmut_insertleft_CTGCA_pos_49	459	1875	941	1694	568	2600	781	3691	784	1797	1325	2412	1081
scanmut_insertleft_CTGCA_pos_50	2249	991	1459	1022	518	720	783	1435	613	762	586	1442	646
scanmut_insertleft_CTGCA_pos_51	1143	314	1391	599	807	864	1584	818	329	769	1026	690	848
scanmut_insertleft_CTGCA_pos_52	584	132	512	322	919	1836	590	820	925	342	563	534	835
scanmut_insertleft_CTGCA_pos_53	631	833	784	260	1461	801	1655	849	695	611	484	448	451
scanmut_insertleft_CTGCA_pos_54	828	1841	608	874	908	102	734	603	1130	1232	412	1209	555
scanmut_insertleft_CTGCA_pos_55	1035	995	442	1052	1095	1164	546	350	798	845	530	395	667
scanmut_insertleft_CTGCA_pos_56	305	558	678	591	477	787	534	2014	469	1151	543	288	620
scanmut_insertleft_CTGCA_pos_57	604	592	781	386	1032	486	895	423	387	409	726	443	605
scanmut_insertleft_CTGCA_pos_58	272	889	485	570	1081	1042	309	575	128	804	639	721	265
scanmut_insertleft_CTGCA_pos_59	198	655	631	648	437	441	1102	806	1388	757	157	680	897
scanmut_insertleft_CTGCA_pos_60	937	337	1037	269	849	552	757	1706	846	1066	980	408	628
scanmut_insertleft_CTGCA_pos_61	946	387	174	1875	334	1347	1059	651	310	649	442	1231	603
scanmut_insertleft_CTGCA_pos_62	1128	1356	800	471	781	1082	515	503	1263	650	1130	896	2148
scanmut_insertleft_CTGCA_pos_63	888	876	914	910	775	959	730	937	412	1889	538	1452	1003
scanmut_insertleft_CTGCA_pos_64	545	762	1052	361	1084	719	637	580	1637	879	780	700	248
scanmut_insertleft_CTGCA_pos_65	1083	636	809	753	213	396	830	800	353	817	778	660	266
scanmut_insertleft_CTGCA_pos_66	881	720	770	630	656	341	378	204	749	579	1125	496	413
scanmut_insertleft_CTGCA_pos_67	323	1606	1233	914	981	1042	434	1662	708	911	668	1265	723
scanmut_insertleft_CTGCA_pos_68	1225	718	654	827	869	736	640	1027	836	1331	844	537	388
scanmut_insertleft_CTGCA_pos_69	1227	1174	569	597	701	1779	561	1790	668	1136	884	567	740
scanmut_insertleft_CTGCA_pos_70	1111	851	997	501	1300	567	907	645	462	582	717	184	511
scanmut_insertleft_CTGCA_pos_71	1163	992	776	1028	1317	803	1634	646	1247	1137	1064	859	257
scanmut_insertleft_CTGCA_pos_72	994	654	449	906	914	871	706	1286	1223	623	896	648	827
scanmut_insertleft_CTGCA_pos_73	621	1105	493	878	364	629	745	1012	419	434	481	783	309
scanmut_insertleft_CTGCA_pos_74	1160	764	1458	456	499	574	690	633	526	746	975	13	631
scanmut_insertleft_CTGCA_pos_75	492	506	466	742	396	489	753	1007	707	597	447	549	611
scanmut_insertleft_CTGCA_pos_76	325	240	735	938	532	963	658	706	842	536	677	158	853
scanmut_insertleft_CTGCA_pos_77	595	626	707	1189	840	1301	1224	516	961	1357	1026	1277	879
scanmut_insertleft_CTGCA_pos_78	2623	734	801	1415	477	1222	1530	608	678	883	771	285	271
scanmut_insertleft_CTGCA_pos_79	1765	561	214	1182	1072	1454	1126	2396	630	1897	517	1933	1016
scanmut_insertleft_CTGCA_pos_80	1333	858	1191	856	1336	396	1539	927	1806	422	255	1139	977
scanmut_insertleft_CTGCA_pos_81	130	831	496	336	1661	281	724	137	1178	452	457	461	273
scanmut_insertleft_CTGCA_pos_82	231	214	453	6	249	387	584	355	280	647	364	104	111
scanmut_insertleft_TTAGCCTGCA_pos_0	1306	1943	981	1375	1471	1564	1282	599	1402	973	1257	3273	1178
scanmut_insertleft_TTAGCCTGCA_pos_1	2280	3158	2763	1830	3523	5348	4029	2007	2791	2459	3193	2321	683
scanmut_insertleft_TTAGCCTGCA_pos_2	6137	2287	2098	4541	842	2609	1764	1365	2663	3002	2061	3280	1607
scanmut_insertleft_TTAGCCTGCA_pos_3	2044	5714	2985	2055	2186	1950	1744	312	1459	3245	1327	2971	3531
scanmut_insertleft_TTAGCCTGCA_pos_4	2388	4648	2901	1917	2309	1454	3533	1513	2546	2274	3190	3536	3223
scanmut_insertleft_TTAGCCTGCA_pos_5	2103	2812	2510	1572	2288	1501	996	2728	1600	2307	654	1683	1934
scanmut_insertleft_TTAGCCTGCA_pos_6	2446	3088	2637	1990	1779	5269	1845	2713	2205	3509	1418	1269	4370
scanmut_insertleft_TTAGCCTGCA_pos_7	3018	5314	832	4447	2936	6609	3404	7474	595	3043	5040	3466	1998
scanmut_insertleft_TTAGCCTGCA_pos_8	1939	5768	1271	2656	1603	2758	1704	4560	3276	2446	3237	3111	3892
scanmut_insertleft_TTAGCCTGCA_pos_9	1721	4205	2161	3800	1342	2221	2262	2788	1358	2217	4950	2848	4444
scanmut_insertleft_TTAGCCTGCA_pos_10	4401	322	3073	3552	2777	3394	2732	2178	5092	7388	4721	2588	2541
scanmut_insertleft_TTAGCCTGCA_pos_11	1068	4608	2581	4697	2332	2953	4358	3548	3819	2859	2895	2731	3451
scanmut_insertleft_TTAGCCTGCA_pos_12	2457	2583	4188	2963	3184	6516	4639	3660	2770	4034	2542	4128	3326
scanmut_insertleft_TTAGCCTGCA_pos_13	3948	3103	5405	3145	1974	3137	4607	241	7571	8058	2520	3912	5094
scanmut_insertleft_TTAGCCTGCA_pos_14	3063	3981	8243	3405	3435	3055	5690	3509	3082	8427	4812	2467	2872
scanmut_insertleft_TTAGCCTGCA_pos_15	4659	2974	8709	4493	2411	2951	3210	1697	6633	4283	3990	5159	4330
scanmut_insertleft_TTAGCCTGCA_pos_16	3211	2017	3572	1931	1418	5938	2823	8109	3776	2993	3615	2785	2271
scanmut_insertleft_TTAGCCTGCA_pos_17	791	8	802	1217	479	781	1371	796	484	626	505	1167	762
scanmut_insertleft_TTAGCCTGCA_pos_18	708	1803	689	2371	1413	2062	1407	1233	1337	1770	1362	771	2932
scanmut_insertleft_TTAGCCTGCA_pos_19	1698	3820	2579	1711	2153	766	1502	992	1052	1044	1336	1226	464
scanmut_insertleft_TTAGCCTGCA_pos_20	1308	1858	1186	1281	849	1242	2217	1057	831	1326	1060	1328	1511
scanmut_insertleft_TTAGCCTGCA_pos_21	931	2527	1154	406	1594	1557	2527	604	921	850	1551	1744	1527
scanmut_insertleft_TTAGCCTGCA_pos_22	1245	1777	910	544	733	1366	1470	1555	1806	1152	982	1697	1657
scanmut_insertleft_TTAGCCTGCA_pos_23	520	1807	1922	1427	974	1623	1119	1059	1137	1401	827	2525	1719
scanmut_insertleft_TTAGCCTGCA_pos_24	1156	2098	2631	1703	1465	1989	1267	1164	2870	1124	1664	940	1796
scanmut_insertleft_TTAGCCTGCA_pos_25	1563	2623	769	289	648	1566	2431	1675	1100	2567	1832	1034	1092
scanmut_insertleft_TTAGCCTGCA_pos_26	1144	733	1055	1956	1334	1179	1546	1035	991	3363	2260	2451	563
scanmut_insertleft_TTAGCCTGCA_pos_27	1500	796	992	968	1527	984	1146	3030	1006	1307	1402	806	2319
scanmut_insertleft_TTAGCCTGCA_pos_28	1882	1143	1365	1625	1289	2321	1025	1779	1543	1255	1409	788	802
scanmut_insertleft_TTAGCCTGCA_pos_29	1353	3054	650	913	2969	2309	1446	2230	2809	18	1300	1287	1246
scanmut_insertleft_TTAGCCTGCA_pos_30	1638	639	1406	1136	1154	1658	1498	2223	1375	1355	2746	2376	1895
scanmut_insertleft_TTAGCCTGCA_pos_31	1566	2157	2922	755	2116	1468	677	1650	1886	1591	1308	1547	1958
scanmut_insertleft_TTAGCCTGCA_pos_32	3747	1604	1578	1974	1393	2688	1988	2400	1759	1041	1800	1680	947
scanmut_insertleft_TTAGCCTGCA_pos_33	1774	1498	2128	2110	1411	2442	955	1929	1088	2411	743	371	1304
scanmut_insertleft_TTAGCCTGCA_pos_34	2278	980	1371	1232	1136	1282	1512	1162	1530	1544	1791	1287	2188
scanmut_insertleft_TTAGCCTGCA_pos_35	2890	748	1809	1053	1125	1636	1022	1528	1062	895	1927	871	1404
scanmut_insertleft_TTAGCCTGCA_pos_36	2529	866	841	1621	537	2094	1542	1294	1414	1337	1122	1169	1084
scanmut_insertleft_TTAGCCTGCA_pos_37	1793	1253	1527	1438	933	1543	1742	3117	2928	725	1770	1503	1257
scanmut_insertleft_TTAGCCTGCA_pos_38	2477	1437	783	1068	910	1616	645	2162	1605	1993	1244	1154	1232
scanmut_insertleft_TTAGCCTGCA_pos_39	1230	1581	1299	924	1741	2162	1393	912	2079	1362	614	800	2535
scanmut_insertleft_TTAGCCTGCA_pos_40	1034	489	1962	1492	950	1699	866	706	864	1871	1709	2684	768
scanmut_insertleft_TTAGCCTGCA_pos_41	943	2254	916	1156	2834	2443	923	1849	1294	1770	2340	1913	1240
scanmut_insertleft_TTAGCCTGCA_pos_42	868	1519	1436	1588	2201	1978	941	1023	1061	1486	539	3949	1482
scanmut_insertleft_TTAGCCTGCA_pos_43	1947	853	1600	482	1747	1439	710	595	570	564	1371	2761	1027
scanmut_insertleft_TTAGCCTGCA_pos_44	3267	1570	1095	855	3782	1308	1618	1269	1443	700	1379	1756	1975
scanmut_insertleft_TTAGCCTGCA_pos_45	551	1172	818	1024	1170	1250	987	834	957	705	887	2017	839
scanmut_insertleft_TTAGCCTGCA_pos_46	887	452	1209	947	759	1802	397	1380	2313	716	583	768	959
scanmut_insertleft_TTAGCCTGCA_pos_47	1289	1663	914	853	1341	831	816	1080	774	2276	2149	1209	1227
scanmut_insertleft_TTAGCCTGCA_pos_48	1224	318	1937	1166	1199	2169	3160	1630	1644	697	1306	3152	3384
scanmut_insertleft_TTAGCCTGCA_pos_49	4430	3577	3776	3891	1746	2350	3553	1381	1408	1478	1724	721	2295
scanmut_insertleft_TTAGCCTGCA_pos_50	3108	1795	1208	762	360	1458	585	3833	1865	1880	1999	810	828
scanmut_insertleft_TTAGCCTGCA_pos_51	415	443	356	352	263	475	558	910	250	246	712	293	425
scanmut_insertleft_TTAGCCTGCA_pos_52	1662	1643	941	732	1170	947	1374	572	1340	1512	737	678	1285
scanmut_insertleft_TTAGCCTGCA_pos_53	1626	644	1262	1158	2829	1396	930	598	3411	518	1561	904	1738
scanmut_insertleft_TTAGCCTGCA_pos_54	2411	1392	1255	1406	1548	1324	1679	1861	1240	79	2138	1552	1455
scanmut_insertleft_TTAGCCTGCA_pos_55	1197	825	1327	1558	64	1359	1416	1155	2081	410	1396	586	1097
scanmut_insertleft_TTAGCCTGCA_pos_56	533	1003	1283	1642	963	1568	829	1510	849	3734	1140	1883	1494
scanmut_insertleft_TTAGCCTGCA_pos_57	2426	1434	2294	1398	1365	951	1799	2200	1291	2278	2538	961	3093
scanmut_insertleft_TTAGCCTGCA_pos_58	1277	1176	1241	1597	2170	2010	853	1501	1135	643	940	1803	832
scanmut_insertleft_TTAGCCTGCA_pos_59	3111	434	3432	1518	1625	1844	2457	1763	1205	0	1419	764	1886
scanmut_insertleft_TTAGCCTGCA_pos_60	1500	752	1215	666	1023	1268	1458	1113	501	1385	1423	1376	930
scanmut_insertleft_TTAGCCTGCA_pos_61	614	1197	1299	682	1292	1100	2307	631	1639	935	2383	641	982
scanmut_insertleft_TTAGCCTGCA_pos_62	2063	1945	1224	1682	1329	2647	1417	1298	104	3082	1115	2249	986
scanmut_insertleft_TTAGCCTGCA_pos_63	1201	2616	2903	1277	1361	911	1401	967	2254	1116	1080	1770	620
scanmut_insertleft_TTAGCCTGCA_pos_64	1627	1438	0	1821	488	765	1106	903	1544	1997	1061	1209	1036
scanmut_insertleft_TTAGCCTGCA_pos_65	1521	1337	992	689	2744	1560	1555	797	1180	2064	964	1900	1371
scanmut_insertleft_TTAGCCTGCA_pos_66	643	2349	1211	1969	840	1619	1135	1432	892	945	1049	1056	1826
scanmut_insertleft_TTAGCCTGCA_pos_67	1449	919	1029	1701	1162	1867	1522	2388	680	583	862	1073	1853
scanmut_insertleft_TTAGCCTGCA_pos_68	655	2071	916	912	1785	2133	1235	1426	1018	2471	1930	2221	1690
scanmut_insertleft_TTAGCCTGCA_pos_69	1252	680	955	1401	774	662	1114	1292	1435	1112	1431	3309	1422
scanmut_insertleft_TTAGCCTGCA_pos_70	794	1141	1791	2328	1941	1718	1301	1264	2025	1105	872	0	1576
scanmut_insertleft_TTAGCCTGCA_pos_71	1213	157	763	629	2205	1316	1486	819	2314	891	1841	1252	1065
scanmut_insertleft_TTAGCCTGCA_pos_72	1291	899	1381	3735	1185	858	1340	1536	1201	1765	785	1293	415
scanmut_insertleft_TTAGCCTGCA_pos_73	2342	1945	1606	1201	709	2419	1010	1434	1231	679	1148	471	764
scanmut_insertleft_TTAGCCTGCA_pos_74	1025	2299	438	1230	1093	1216	601	275	2103	600	1032	1378	2399
scanmut_insertleft_TTAGCCTGCA_pos_75	1169	1908	507	821	1806	574	1270	1284	358	2249	723	1983	2166
scanmut_insertleft_TTAGCCTGCA_pos_76	2540	1173	1709	1661	1044	510	812	1170	1632	1795	197	1321	2896
scanmut_insertleft_TTAGCCTGCA_pos_77	811	527	566	189	684	504	348	936	685	401	534	501	409
scanmut_insertleft_CTGCATTAGC_pos_0	1565	741	1017	919	1189	1074	2005	813	1583	1011	486	1542	332
scanmut_insertleft_CTGCATTAGC_pos_1	3549	1796	3363	1579	802	1536	1568	3201	1456	1048	1422	1864	2205
scanmut_insertleft_CTGCATTAGC_pos_2	3381	1342	3281	2002	1537	1236	1233	1517	3408	1974	1129	1041	4064
scanmut_insertleft_CTGCATTAGC_pos_3	1034	758	480	1630	802	1015	515	909	1245	2891	267	639	1176
scanmut_insertleft_CTGCATTAGC_pos_4	1135	2809	2157	1852	665	3621	1240	2838	2880	3368	1612	5712	3861
scanmut_insertleft_CTGCATTAGC_pos_5	2690	2017	3651	2786	396	1337	4096	4920	2464	1968	3214	2574	2245
scanmut_insertleft_CTGCATTAGC_pos_6	865	1479	426	1232	284	105	892	765	578	1308	1115	1398	613
scanmut_insertleft_CTGCATTAGC_pos_7	2775	3264	2219	2811	2500	1374	3185	7464	3283	4060	2491	3344	1723
scanmut_insertleft_CTGCATTAGC_pos_8	4617	2367	2293	3699	3450	2001	548	5166	2576	4168	2786	2990	1927
scanmut_insertleft_CTGCATTAGC_pos_9	1002	2139	2851	2487	4569	1558	3148	1313	3429	1506	10624	5523	1880
scanmut_insertleft_CTGCATTAGC_pos_10	2970	5234	3260	3218	2354	4157	4294	9935	2437	2213	2530	3182	2596
scanmut_insertleft_CTGCATTAGC_pos_11	5962	3108	3956	2376	2872	2820	3582	2272	1825	1299	8671	3284	3368
scanmut_insertleft_CTGCATTAGC_pos_12	4404	5216	2690	2198	2741	3526	3651	4511	4498	4856	2826	3838	2511
scanmut_insertleft_CTGCATTAGC_pos_13	3468	2813	4171	1761	2775	2565	2710	3124	2585	3641	3775	3916	3084
scanmut_insertleft_CTGCATTAGC_pos_14	3258	3795	4111	2515	2561	2264	1920	2395	1442	2820	3243	2498	3505
scanmut_insertleft_CTGCATTAGC_pos_15	5201	1499	1705	7322	2521	2352	2705	3451	6974	3999	4187	3433	5171
scanmut_insertleft_CTGCATTAGC_pos_16	2219	2277	41	1111	2869	1945	2999	3922	3447	4429	1396	1319	2788
scanmut_insertleft_CTGCATTAGC_pos_17	3342	1555	2159	2579	1888	1270	1207	2165	3237	1612	534	1258	1655
scanmut_insertleft_CTGCATTAGC_pos_18	1179	275	1003	977	411	2440	455	2519	1427	519	469	1433	304
scanmut_insertleft_CTGCATTAGC_pos_19	3151	663	437	1107	993	2114	2602	1022	1360	1127	927	902	1239
scanmut_insertleft_CTGCATTAGC_pos_20	1096	1801	2654	1092	2040	1739	1614	1849	1448	302	398	936	1925
scanmut_insertleft_CTGCATTAGC_pos_21	1093	4342	1018	1465	1446	1906	1018	1055	1010	880	1659	1631	1015
scanmut_insertleft_CTGCATTAGC_pos_22	1130	1878	2331	2788	887	1372	3339	1229	1735	1421	1307	2928	858
scanmut_insertleft_CTGCATTAGC_pos_23	2383	1305	2131	736	1741	1051	799	909	2609	1298	923	1487	1357
scanmut_insertleft_CTGCATTAGC_pos_24	869	1630	706	906	750	579	970	1542	412	470	1282	905	918
scanmut_insertleft_CTGCATTAGC_pos_25	273	2046	979	2796	462	614	530	737	275	1385	780	852	2165
scanmut_insertleft_CTGCATTAGC_pos_26	1829	951	991	1635	530	920	1449	414	1168	514	573	2592	1515
scanmut_insertleft_CTGCATTAGC_pos_27	1636	1455	578	526	1306	2238	1168	1133	2129	566	1774	1005	2033
scanmut_insertleft_CTGCATTAGC_pos_28	597	3077	2804	3332	1357	871	1573	1276	1574	3592	803	1607	1045
scanmut_insertleft_CTGCATTAGC_pos_29	2576	751	3403	1489	509	1279	4711	1534	2103	2826	3042	836	1511
scanmut_insertleft_CTGCATTAGC_pos_30	1152	1636	617	678	1731	904	1395	860	1390	1821	1051	1709	832
scanmut_insertleft_CTGCATTAGC_pos_31	1973	698	1619	935	2071	1524	1979	915	1221	1522	1326	1110	525
scanmut_insertleft_CTGCATTAGC_pos_32	565	1433	342	674	991	995	965	988	1058	668	1523	366	996
scanmut_insertleft_CTGCATTAGC_pos_33	1720	946	1472	892	2337	1025	1600	740	953	2010	1631	1140	1903
scanmut_insertleft_CTGCATTAGC_pos_34	1156	1310	675	864	718	1568	437	1130	2079	1382	899	882	498
scanmut_insertleft_CTGCATTAGC_pos_35	1371	1584	1766	1368	1923	805	1772	4023	739	1347	438	1077	1767
scanmut_insertleft_CTGCATTAGC_pos_36	896	1522	681	1011	2631	1046	2339	963	1544	727	1209	1389	1196
scanmut_insertleft_CTGCATTAGC_pos_37	1410	1238	1503	1485	1623	995	1092	1369	3960	803	1613	0	1143
scanmut_insertleft_CTGCATTAGC_pos_38	918	1481	1626	2012	1697	1455	1643	2076	310	1805	1906	865	589
scanmut_insertleft_CTGCATTAGC_pos_39	1060	1077	1158	1262	2234	1582	1045	1194	527	1002	695	1659	709
scanmut_insertleft_CTGCATTAGC_pos_40	2305	1747	553	1412	121	929	1286	1446	813	393	592	395	770
scanmut_insertleft_CTGCATTAGC_pos_41	868	868	1613	1407	681	1910	1215	1480	3213	1143	1432	362	1564
scanmut_insertleft_CTGCATTAGC_pos_42	1373	1101	1386	1120	711	1109	1981	1000	1252	582	1396	1468	1116
scanmut_insertleft_CTGCATTAGC_pos_43	2656	3274	1422	977	1282	2355	2235	2009	1170	779	1291	1576	708
scanmut_insertleft_CTGCATTAGC_pos_44	1562	1707	3247	2512	514	910	679	785	1110	944	1471	1129	1294
scanmut_insertleft_CTGCATTAGC_pos_45	873	1716	662	2590	1633	3641	1567	1367	3620	750	1156	1844	560
scanmut_insertleft_CTGCATTAGC_pos_46	521	1431	614	921	587	1797	961	788	1471	1068	1872	615	1233
scanmut_insertleft_CTGCATTAGC_pos_47	1127	1781	1421	438	1068	1641	624	167	1636	893	822	907	973
scanmut_insertleft_CTGCATTAGC_pos_48	1616	1032	1743	237	879	1319	394	854	2401	1675	1626	1723	1163
scanmut_insertleft_CTGCATTAGC_pos_49	1501	403	1743	1335	581	401	1077	406	644	933	819	2066	3594
scanmut_insertleft_CTGCATTAGC_pos_50	594	2407	904	3292	1172	2111	1795	935	1141	2406	644	1311	1354
scanmut_insertleft_CTGCATTAGC_pos_51	1681	748	2041	1250	2860	1782	2338	815	1236	932	1611	1178	2279
scanmut_insertleft_CTGCATTAGC_pos_52	909	15	989	1273	921	1639	1260	1809	898	1557	1348	2464	755
scanmut_insertleft_CTGCATTAGC_pos_53	1181	1033	886	987	712	1010	736	788	2894	1141	669	1444	989
scanmut_insertleft_CTGCATTAGC_pos_54	762	1355	1431	323	972	1241	1127	557	1192	793	1301	465	1213
scanmut_insertleft_CTGCATTAGC_pos_55	488	838	317	1337	1388	2164	880	2257	547	1119	668	2030	1414
scanmut_insertleft_CTGCATTAGC_pos_56	1043	961	1617	1444	610	1193	621	510	1013	603	428	530	1025
scanmut_insertleft_CTGCATTAGC_pos_57	1292	251	461	984	439	1451	757	685	1073	1201	718	1265	1554
scanmut_insertleft_CTGCATTAGC_pos_58	1556	2507	1182	1469	2287	805	1218	1549	320	956	427	2347	862
scanmut_insertleft_CTGCATTAGC_pos_59	3131	1804	3216	4300	1868	1662	3750	85	2182	2119	1167	1574	2111
scanmut_insertleft_CTGCATTAGC_pos_60	1664	1146	1238	2155	1100	1156	3210	3435	746	1902	641	1141	1106
scanmut_insertleft_CTGCATTAGC_pos_61	831	2163	898	1098	1662	972	1433	262	721	1400	511	1204	989
scanmut_insertleft_CTGCATTAGC_pos_62	1668	1148	1274	1545	1366	1360	670	2198	3014	2064	909	1021	546
scanmut_insertleft_CTGCATTAGC_pos_63	1870	655	2412	1165	1187	523	1649	1498	971	171	1467	540	1014
scanmut_insertleft_CTGCATTAGC_pos_64	1293	826	2651	1017	862	1725	1240	742	835	1197	1554	2242	2424
scanmut_insertleft_CTGCATTAGC_pos_65	911	830	689	835	791	1701	1098	663	1724	1294	597	1705	1258
scanmut_insertleft_CTGCATTAGC_pos_66	1264	814	2288	373	1340	931	1803	5277	410	2631	418	2155	818
scanmut_insertleft_CTGCATTAGC_pos_67	2325	1810	2001	813	2974	753	2759	369	2223	1550	3100	838	1149
scanmut_insertleft_CTGCATTAGC_pos_68	2204	2121	918	1154	622	632	691	1990	1778	1809	721	744	1733
scanmut_insertleft_CTGCATTAGC_pos_69	990	1647	1446	2586	697	233	1222	609	1886	789	833	593	1450
scanmut_insertleft_CTGCATTAGC_pos_70	2749	842	70	1323	525	1122	1313	715	1994	270	968	682	1274
scanmut_insertleft_CTGCATTAGC_pos_71	1159	1938	1300	725	1404	967	1570	974	1014	1061	1221	1191	705
scanmut_insertleft_CTGCATTAGC_pos_72	416	905	1330	982	416	2153	1099	1202	952	2116	977	1822	1602
scanmut_insertleft_CTGCATTAGC_pos_73	1634	4857	1680	2174	711	2269	6331	1594	1213	1973	666	1868	4393
scanmut_insertleft_CTGCATTAGC_pos_74	2360	2171	1972	1301	1786	1123	506	3657	1846	952	577	2095	1819
scanmut_insertleft_CTGCATTAGC_pos_75	2561	1482	1756	2254	1481	1071	1129	1884	1195	1822	1140	1067	4297
scanmut_insertleft_CTGCATTAGC_pos_76	483	745	463	934	665	1894	2004	1070	1071	1287	894	1478	844
scanmut_insertleft_CTGCATTAGC_pos_77	2291	469	2012	369	1365	1458	575	941	661	839	795	1329	1263
scanmut_comp_8_pos_28_mod	1580	1006	546	868	173	2101	758	1239	857	2651	1216	836	1936
scanmut_comp_8_pos_29_mod	1080	1660	2460	1159	1602	1032	1467	1806	974	1022	1890	2076	899
scanmut_comp_8_pos_30_mod	4619	1712	1908	491	1377	2497	964	2196	1985	1564	1272	387	1634