Variant_ID/Tag_ID	1	2	3	4	5	6	7	8	9	10	11	12	13
synCRE_Promega_0	1855	8175	21185	8382	6190	12811	5455	8656	2989	8335	8001	1966	3425
synCRE_Promega_1	13958	9750	24875	2969	13594	4954	6838	10146	12900	3697	9336	2210	13011
synCRE_Promega_2	5650	8595	4681	7992	10853	10642	8807	4349	12022	10361	13320	7483	8451
synCRE_Promega_3	5692	1372	19057	5516	7067	3481	7883	4626	3460	8043	10468	7092	7198
synCRE_Promega_4	2389	5935	12790	12234	1500	6670	8369	13209	12416	6150	10897	7786	3356
scanmut_single_pos_0_A	11715	2653	9067	8257	6659	1000	8618	4688	8638	3356	5110	9224	10554
scanmut_single_pos_0_C	2943	10117	2498	10409	1105	5255	783	2238	2327	7592	586	9289	3457
scanmut_single_pos_0_T	6397	912	4976	100	7186	1710	4180	402	4824	1003	356	286	6485
scanmut_single_pos_1_A	9733	15256	4289	18356	4275	16013	6056	29472	6275	13192	5345	5325	7286
scanmut_single_pos_1_G	6296	2417	13569	6485	12711	10985	10891	5107	11642	1920	10762	10013	8093
scanmut_single_pos_2_C	2483	4966	2587	11290	756	5115	1628	9399	2114	12903	3159	4808	3118
scanmut_single_pos_2_G	3931	6756	5815	3119	7605	3070	3170	1788	4907	2448	7097	2302	6786
scanmut_single_pos_2_T	9836	5009	3097	18567	3455	6695	12119	7319	3589	7883	913	3503	1507
scanmut_single_pos_3_A	10660	7316	19168	8202	11793	5694	8091	15647	13366	5197	8544	4767	7897
scanmut_single_pos_3_G	6926	6711	1012	1851	1547	4689	192	7196	2811	5380	598	13386	3136
scanmut_single_pos_3_T	7563	5056	11545	8118	6852	13790	8326	8463	20242	12944	7940	2985	7846
scanmut_single_pos_4_A	3373	10919	3650	5881	5882	9388	3245	5833	5273	17638	6406	9729	4626
scanmut_single_pos_4_G	6359	5767	7003	3453	7751	4471	5210	2596	10504	5413	2428	3173	8736
scanmut_single_pos_4_T	2700	7906	2266	5792	4218	9040	4354	8079	1830	9684	6157	5447	4091
scanmut_single_pos_5_C	5918	3638	2318	2071	7095	7708	11179	3661	9066	4407	4690	2804	21534
scanmut_single_pos_5_G	5335	4887	1	10917	1570	4616	1916	17020	1834	13508	12289	13143	2116
scanmut_single_pos_5_T	7564	2625	2260	4386	2854	9925	15081	2411	7557	2113	2473	1679	4614
scanmut_single_pos_6_A	20883	12871	5942	10427	3235	7504	8934	12458	3686	7152	4890	15834	10930
scanmut_single_pos_6_C	7701	4340	12050	4645	8444	10137	16073	4362	2027	2154	15095	6192	6664
scanmut_single_pos_6_T	4060	9539	3937	42618	5869	8197	1796	19698	3911	7235	5557	9714	10660
scanmut_single_pos_7_C	4010	200	4191	1107	3566	673	4510	2327	3771	67	3242	597	2922
scanmut_single_pos_7_G	872	2960	3212	4095	1437	5439	3957	5121	1380	10198	3650	14146	1048
scanmut_single_pos_7_T	8917	2248	6751	5949	11674	2565	5752	6831	0	6956	6402	7655	6867
scanmut_single_pos_8_A	6852	13909	31049	10276	4068	14764	12118	8775	3732	6582	3281	28686	3865
scanmut_single_pos_8_G	26624	16739	20215	19251	20081	6674	16370	4350	8865	18581	11601	6573	2517
scanmut_single_pos_8_T	8224	11570	5446	6533	3347	24993	6957	16039	14045	14786	7843	29668	9033
scanmut_single_pos_9_C	5267	5533	3313	6021	5693	9127	7253	5934	5708	7756	6185	3369	5632
scanmut_single_pos_9_G	4204	5582	1913	6521	3266	5789	6293	6603	3204	6357	706	5322	5962
scanmut_single_pos_9_T	4502	5239	10875	6416	6196	6550	10638	6312	9399	3873	8194	8462	8727
scanmut_single_pos_10_A	9618	13296	12115	16516	8212	30441	11421	15980	16371	11310	20762	44032	9206
scanmut_single_pos_10_C	8802	14391	11128	1090	8849	5591	7884	9219	10353	25168	17732	4193	11042
scanmut_single_pos_10_T	16146	9663	5632	13951	11128	12642	23915	11671	5862	24634	11489	15192	17373
scanmut_single_pos_11_A	5659	10148	36862	10048	7488	6601	9864	7535	13126	5750	15338	6250	9057
scanmut_single_pos_11_C	12947	55716	12262	18210	17675	13224	9275	6528	12195	36381	7202	11055	7616
scanmut_single_pos_11_G	8047	4060	10486	5567	4352	27052	7885	12686	7205	8257	31428	20633	7074
scanmut_single_pos_12_A	8539	8798	3254	12632	7869	10284	6237	20104	9333	13218	10397	17101	8290
scanmut_single_pos_12_C	26517	13761	10018	8015	21678	7735	8788	7576	9340	17795	22955	9919	15070
scanmut_single_pos_12_T	7682	6938	10489	25893	8828	11779	14513	11445	7088	8707	21286	6077	23815
scanmut_single_pos_13_C	552	3126	4888	1126	3803	1973	5853	795	2078	823	5675	519	3068
scanmut_single_pos_13_G	1661	9466	3957	8270	2956	15158	3835	6018	4956	9671	8953	21620	907
scanmut_single_pos_13_T	5299	5237	5125	4813	6334	3342	16580	123	6389	3874	20587	17715	9918
scanmut_single_pos_14_A	3093	4611	1837	6590	1094	5118	267	4568	1025	5253	802	2375	652
scanmut_single_pos_14_G	10504	7420	9565	3290	14610	13494	19817	2701	5860	3828	22384	3496	11630
scanmut_single_pos_14_T	4823	12944	11743	7762	50675	19214	8419	6130	6337	22787	4774	7309	5007
scanmut_single_pos_15_A	14150	4237	7653	5259	8654	8428	10911	4671	2982	2100	4158	9496	8208
scanmut_single_pos_15_C	6957	9298	5682	6083	9428	2447	5048	10924	14295	6463	3595	13890	3937
scanmut_single_pos_15_T	5791	3736	9815	2838	13673	5416	10415	5395	11868	8188	4603	3786	8034
scanmut_single_pos_16_A	1549	6823	11070	10139	4169	56	2664	6003	19354	121	4228	3621	6872
scanmut_single_pos_16_C	15163	464	5250	4733	5550	1289	11120	3761	15226	2538	5258	8266	5299
scanmut_single_pos_16_G	4469	10899	6411	6391	12347	11674	4626	8106	7186	8909	5435	5208	5087
scanmut_single_pos_17_A	7042	1355	15123	3568	5824	4431	9253	1726	5573	2403	8104	2621	6677
scanmut_single_pos_17_G	542	9819	425	6438	1117	1783	1846	8711	993	5281	963	9418	1116
scanmut_single_pos_17_T	7670	3294	11589	3414	12091	2892	19736	3870	22588	4499	5689	10095	12553
scanmut_single_pos_18_C	5700	6580	22785	18236	5877	4929	16869	7518	4260	5767	1799	7476	15062
scanmut_single_pos_18_G	5540	9876	8864	3838	31205	4023	4878	4684	6311	11213	4519	4100	7143
scanmut_single_pos_18_T	11379	7145	5335	12191	2234	12863	2227	5055	2865	6340	4517	3988	3542
scanmut_single_pos_19_A	14897	23896	46957	4943	6369	7716	13068	9950	21268	16502	13685	12241	33940
scanmut_single_pos_19_C	4973	15461	7343	10534	6420	14439	8152	14353	9032	12620	24277	10016	6923
scanmut_single_pos_19_T	16745	10078	15795	7073	19330	8678	15585	15845	17614	16098	13655	10643	18280
scanmut_single_pos_20_A	6763	41185	6740	505	11829	10124	12906	25494	11329	22201	11648	17105	13602
scanmut_single_pos_20_G	13643	5205	10981	3440	5724	2768	5183	2285	6087	13477	28740	1277	6739
scanmut_single_pos_20_T	8987	9476	4772	15014	9512	14608	7658	17446	11988	15500	27467	12817	18472
scanmut_single_pos_21_A	7555	781	6923	785	6315	1974	12165	1075	5354	448	4769	3686	2751
scanmut_single_pos_21_C	884	10388	804	6298	5616	7431	646	4281	1296	5863	2069	5227	4943
scanmut_single_pos_21_G	3224	194	8709	631	3829	423	12141	540	1979	1434	3356	149	5162
scanmut_single_pos_22_A	14694	27740	12388	15348	14433	36963	20199	13388	4738	16814	9498	14340	31091
scanmut_single_pos_22_C	7806	5180	28694	9073	27974	13503	25453	18322	21602	13297	15636	9888	28844
scanmut_single_pos_22_T	9706	16280	4716	26103	7895	2992	22705	17666	36988	14435	10667	15931	13045
scanmut_single_pos_23_A	8766	6576	19109	2012	14386	4696	12318	6076	15910	17423	13837	9489	51238
scanmut_single_pos_23_G	23566	5006	11644	33517	6259	14037	12236	40546	17794	11771	12400	6390	5872
scanmut_single_pos_23_T	19020	14439	9700	10152	6317	8867	29008	4064	19637	9769	7475	10988	17227
scanmut_single_pos_24_A	14217	17344	32631	17719	4596	22600	6132	14303	13172	17726	10208	31347	11992
scanmut_single_pos_24_G	13738	24091	61113	12812	22806	8434	36356	9919	19170	4137	38588	14849	16658
scanmut_single_pos_24_T	33309	14321	7717	26522	10884	22798	9831	18205	10404	9806	14689	8940	9778
scanmut_single_pos_25_C	11028	4484	12124	15404	21112	5608	13642	9092	8591	3082	10876	3004	13797
scanmut_single_pos_25_G	6496	7026	12122	11577	5119	13653	20177	12979	5681	10072	15067	10401	5570
scanmut_single_pos_25_T	10043	9078	25605	10275	14124	11961	22380	25968	43941	11961	15725	20198	9721
scanmut_single_pos_26_A	11743	11118	10112	21862	6122	3782	16158	15746	9663	19403	11473	37612	11737
scanmut_single_pos_26_C	14676	30921	17111	7242	3750	4476	11223	10988	15360	4781	28293	11294	10076
scanmut_single_pos_26_T	12039	10741	7790	13020	9389	13683	7098	6294	14246	5487	8834	18318	4020
scanmut_single_pos_27_C	5165	3434	6201	2826	3850	2627	4988	1088	5806	4445	7162	1957	5688
scanmut_single_pos_27_G	10023	7880	1636	22571	14067	5022	2504	8371	1870	3304	3306	4920	12923
scanmut_single_pos_27_T	10896	4381	4695	1898	3557	219	4590	183	4278	725	991	2707	4669
scanmut_single_pos_28_A	2998	3700	1456	7911	4543	7237	5190	5516	5594	4189	3278	7817	645
scanmut_single_pos_28_C	20293	2393	8509	4398	5803	4892	2854	4302	3603	1776	8274	4416	6691
scanmut_single_pos_28_G	6297	6493	1302	5502	1490	4162	3335	9175	1899	5796	4722	5535	4426
scanmut_single_pos_29_A	9474	2458	5568	7989	7712	20386	11191	15405	6819	2822	8932	4043	11005
scanmut_single_pos_29_G	1157	11726	6937	7473	7482	9669	6495	13417	9659	6661	6805	5633	941
scanmut_single_pos_29_T	10126	5059	9681	7723	8051	7340	8640	4982	6570	4584	8196	5807	12082
scanmut_single_pos_30_A	20192	5627	316	6752	956	8191	6838	4776	2242	6444	4264	15161	8277
scanmut_single_pos_30_G	1993	761	4301	1863	3598	785	2726	869	4356	626	3837	571	9306
scanmut_single_pos_30_T	5215	8236	3811	18726	2372	9984	2871	24805	2646	21913	11719	5550	8555
scanmut_single_pos_31_A	7081	5653	21340	6636	12112	7198	5248	8314	4494	11064	9290	4684	7619
scanmut_single_pos_31_G	3033	20891	12534	7070	3498	7553	25595	5996	2820	9988	5432	11883	3577
scanmut_single_pos_31_T	14311	7096	6543	1758	11038	11684	13173	5438	11402	15730	4202	6339	7125
scanmut_single_pos_32_C	4283	11069	4279	7267	7224	9560	2870	6071	6175	449	2441	8322	3401
scanmut_single_pos_32_G	7468	544	7037	6377	5795	1630	4299	700	6911	1000	2327	1626	7531
scanmut_single_pos_32_T	2231	11552	3746	9281	2508	6417	12503	7259	2777	8696	17493	12903	9087
scanmut_single_pos_33_A	9767	10815	4116	1726	7325	14095	12201	3080	9397	3005	8391	4488	8137
scanmut_single_pos_33_C	1441	4259	2821	2493	1021	3811	736	7286	2828	4904	726	3150	551
scanmut_single_pos_33_G	7320	1890	6915	3371	6549	4148	5025	3560	15395	2576	5248	2705	4652
scanmut_single_pos_34_A	7032	11595	15158	0	15271	21963	6951	7358	10253	9687	4784	20696	21556
scanmut_single_pos_34_C	21677	4525	8335	7103	6419	10193	9453	10146	6808	3618	12252	7715	12887
scanmut_single_pos_34_T	16144	10910	4221	1789	6795	11380	20796	37726	18113	13884	9518	18973	14031
scanmut_single_pos_35_A	12041	6286	5862	2671	8700	5624	6251	4625	9535	8847	19180	11044	13736
scanmut_single_pos_35_C	7946	6901	878	14231	5990	4650	3915	4655	9934	3143	4789	7480	2555
scanmut_single_pos_35_T	15994	5153	8816	8564	10881	8430	6395	11067	7046	3688	14616	1606	4461
scanmut_single_pos_36_A	5844	12912	17702	9579	5642	11755	3303	15203	9324	12745	3399	10576	7356
scanmut_single_pos_36_G	11479	4453	7376	2224	7975	4304	8773	4698	8783	8326	9333	2887	7753
scanmut_single_pos_36_T	7504	11932	6734	11712	14002	8766	2397	7609	1	4985	10614	31054	14490
scanmut_single_pos_37_A	8089	8243	12615	4596	7149	4230	0	747	10674	2932	7102	7884	14260
scanmut_single_pos_37_G	2765	4632	2847	6099	4391	5319	2176	15359	3804	9999	3106	11681	3729
scanmut_single_pos_37_T	12195	7946	9935	4330	7069	4697	764	3659	7615	9507	7461	0	6985
scanmut_single_pos_38_A	3241	3744	5299	8174	10205	6317	5449	8153	2589	7202	3409	14382	3145
scanmut_single_pos_38_C	9648	9828	11824	3965	8074	2999	8394	4010	9146	9313	14315	3471	7147
scanmut_single_pos_38_T	1702	8769	17800	7974	4939	4968	7569	12168	8236	6698	2232	9518	3615
scanmut_single_pos_39_A	22492	3888	9320	923	9246	4431	14899	4669	5418	5066	6375	5497	739
scanmut_single_pos_39_C	9678	6924	6457	6841	4064	4424	5634	10228	2306	4912	4633	14165	9082
scanmut_single_pos_39_G	11313	6597	14457	2102	9760	880	6363	4038	7255	1365	7362	5298	8065
scanmut_single_pos_40_A	7366	9026	1273	6661	1796	5232	5054	5470	5193	8189	7526	17580	10237
scanmut_single_pos_40_G	8464	3401	7295	8432	11652	133	8687	15859	5139	3892	8743	6280	6212
scanmut_single_pos_40_T	5055	15429	8731	6433	5849	9200	2685	16069	4073	9987	4921	7444	1245
scanmut_single_pos_41_C	9567	2860	8664	4419	17034	3050	3140	3772	7960	3617	11781	3377	6382
scanmut_single_pos_41_G	3514	5993	1198	7834	4594	5393	4314	7264	3253	5998	4709	4562	6245
scanmut_single_pos_41_T	14248	2891	7754	3365	1776	1812	18860	6205	8762	4649	3187	6190	5193
scanmut_single_pos_42_A	2436	3522	3056	7835	5899	4905	4022	8701	3911	9752	1637	7974	8035
scanmut_single_pos_42_C	5676	5234	6688	1943	9867	4479	8801	8626	16516	1834	13567	5441	12923
scanmut_single_pos_42_G	14060	5556	6946	6855	4040	4671	5272	15237	12458	7467	3567	7588	3417
scanmut_single_pos_43_C	7709	9852	9412	4303	7169	594	4891	7116	6022	2269	9099	3455	7318
scanmut_single_pos_43_G	8311	6935	3307	7106	7115	12218	4297	10266	7929	10614	7627	8557	2217
scanmut_single_pos_43_T	6971	8292	20220	5441	3274	5101	5990	5392	6993	2173	8852	8347	15747
scanmut_single_pos_44_A	14590	6717	4459	17928	2786	6457	186	3768	4604	9240	4240	18200	4698
scanmut_single_pos_44_G	11432	2316	6634	4770	16874	11038	11156	1305	8178	750	5100	6632	7596
scanmut_single_pos_44_T	3931	12355	4272	15526	813	8237	2957	10220	9564	6047	8837	17639	14320
scanmut_single_pos_45_A	7488	8593	5291	6400	6673	13271	1870	15790	1	4220	22961	4917	12368
scanmut_single_pos_45_C	3312	6810	7884	5295	1894	4480	4826	4022	3259	7329	64	6785	861
scanmut_single_pos_45_G	5781	3608	11400	4142	5920	3297	3231	3032	12134	1926	15290	3372	13258
scanmut_single_pos_46_A	5343	14970	3096	8658	6169	4496	6194	7144	5524	7301	12871	13617	5779
scanmut_single_pos_46_C	7124	3945	8241	10752	20183	2408	13429	3887	7682	4976	6501	2112	27344
scanmut_single_pos_46_T	4728	22073	7406	8725	13871	20609	2248	10120	3248	5273	10372	2652	2100
scanmut_single_pos_47_A	9810	9005	6465	1892	3722	4888	9310	5454	23870	6320	5847	10046	10958
scanmut_single_pos_47_C	9736	7328	12715	11584	14201	8321	3706	7304	8169	7092	2896	4264	3222
scanmut_single_pos_47_G	6896	2647	20080	5878	16912	3552	8190	4915	7653	5542	13361	11312	12377
scanmut_single_pos_48_A	1823	16548	1	5031	3567	12396	3216	7815	10750	4454	17233	12167	8271
scanmut_single_pos_48_C	14059	4896	6431	12873	6053	1811	8121	7794	7996	2465	3924	2973	8789
scanmut_single_pos_48_T	1969	8377	3009	4816	1032	7250	3101	7860	2308	9190	3699	3843	11675
scanmut_single_pos_49_C	8619	1982	434	8213	16223	5811	5175	6527	16142	3490	16479	10687	8600
scanmut_single_pos_49_G	3460	14685	1389	5690	4224	8800	7761	16700	4831	12076	6018	10038	1241
scanmut_single_pos_49_T	8881	5138	18285	2826	5005	5941	3352	4529	6448	1666	15918	3653	6572
scanmut_single_pos_50_A	9185	8535	4855	5154	10844	8334	3812	9243	6264	8169	2767	7610	2898
scanmut_single_pos_50_G	6074	7620	18569	2737	16982	1965	9736	3232	8883	3873	6374	2364	1
scanmut_single_pos_50_T	12751	6899	8352	6876	6143	22558	6054	10080	3934	13096	3251	17268	15783
scanmut_single_pos_51_A	5150	1971	9803	2249	7820	3894	8016	1472	14631	1608	6237	3267	16195
scanmut_single_pos_51_C	2013	7202	4159	4912	4825	3515	1489	7052	2440	5570	7148	8128	2136
scanmut_single_pos_51_T	6338	4494	5905	3285	13490	8144	19444	5264	9649	5654	5812	4457	8970
scanmut_single_pos_52_A	2894	6822	5699	7610	2079	13337	3120	10913	4870	0	6939	9098	3371
scanmut_single_pos_52_C	8187	6244	23716	5806	4769	3077	6861	3180	2332	14434	10761	919	7742
scanmut_single_pos_52_G	5189	10179	4921	13105	2737	8428	5272	5122	4976	4525	6074	7089	3879
scanmut_single_pos_53_A	8004	4957	12980	1479	5560	2498	7992	2090	7647	5558	6682	345	11593
scanmut_single_pos_53_G	1542	7663	3381	7513	8021	23753	2878	8704	3778	7419	5781	8026	4534
scanmut_single_pos_53_T	22515	4801	7836	5875	9913	4067	6831	7766	4976	5247	11458	3541	9130
scanmut_single_pos_54_A	4842	6225	6346	10548	3399	7548	8314	9083	5413	10174	11301	2	9640
scanmut_single_pos_54_C	6393	10163	6187	3425	11543	3906	4277	1764	29977	7845	14949	1324	16960
scanmut_single_pos_54_G	15019	19258	1390	810	3585	22557	5413	13344	3043	4715	2062	10790	5617
scanmut_single_pos_55_A	14748	9418	9845	5146	19335	2998	7200	1778	22282	7516	8722	8334	6118
scanmut_single_pos_55_C	6146	6304	8129	5643	0	5453	2512	10456	3403	9101	9965	5379	758
scanmut_single_pos_55_G	9277	3952	11693	1916	4897	7904	6090	2356	1427	2321	4275	8362	5313
scanmut_single_pos_56_A	2519	5954	5585	4148	11240	3796	5566	7905	2698	6281	4606	17797	1721
scanmut_single_pos_56_C	9556	3624	11277	1047	5169	3235	11740	6860	5358	5327	13636	1036	6346
scanmut_single_pos_56_G	2645	7891	3184	8861	6942	4750	3274	6034	12238	4581	7967	5039	5307
scanmut_single_pos_57_A	13645	9354	9969	4991	6109	6429	11596	2932	5787	3493	13784	4334	19983
scanmut_single_pos_57_G	4945	8083	5339	4976	4906	5247	4784	8761	10173	8889	13973	6399	3327
scanmut_single_pos_57_T	25715	17175	7194	4860	10285	5184	9805	5047	7738	6120	8430	8032	13145
scanmut_single_pos_58_C	2177	5639	4480	5105	688	12719	11935	4704	4870	7937	3852	8901	1885
scanmut_single_pos_58_G	7932	3721	7305	3288	5944	3942	6674	2840	10761	1914	7777	12508	7475
scanmut_single_pos_58_T	7796	10371	14051	11848	2531	9473	4236	6341	7376	9831	7366	8589	5018
scanmut_single_pos_59_A	6712	2708	6478	2955	12724	7771	9912	7227	21725	2000	8884	10406	11232
scanmut_single_pos_59_C	7692	3048	1439	581	8425	14738	3339	5564	9040	7505	2523	19340	4689
scanmut_single_pos_59_T	8770	3312	6206	7696	7162	5789	24025	4514	5105	6104	5773	17675	14021
scanmut_single_pos_60_C	4017	8142	501	4126	2889	2652	3878	5929	5768	2817	4796	5216	4236
scanmut_single_pos_60_G	7986	2966	3736	4871	12151	1060	6048	2308	6954	3121	9358	2767	6974
scanmut_single_pos_60_T	3696	6488	3673	8049	4137	10421	6955	6640	4408	1592	2914	7984	3504
scanmut_single_pos_61_A	7971	7677	7430	9002	792	1598	6420	7075	8675	1080	20758	11306	11030
scanmut_single_pos_61_G	4133	13137	2295	21314	4154	6555	15124	6558	6897	6449	3608	6221	3888
scanmut_single_pos_61_T	9459	1205	7773	4497	6046	4906	5350	2847	6637	3561	5862	18313	8958
scanmut_single_pos_62_C	3383	4941	6604	15792	5044	7153	13556	8067	21638	5373	5266	15913	4929
scanmut_single_pos_62_G	10373	8247	12045	1424	7145	8072	24286	6212	6076	3734	8829	2737	9731
scanmut_single_pos_62_T	2615	10741	13055	5947	5503	6635	3704	11063	7449	9937	3863	8241	8122
scanmut_single_pos_63_A	10348	5388	11588	6629	13642	6209	10722	2600	11667	5674	5278	23638	18310
scanmut_single_pos_63_G	7492	10369	11004	5540	3341	20255	5667	26395	4745	5074	3885	10	15681
scanmut_single_pos_63_T	10061	7549	25424	18433	6319	13738	11900	10547	9711	8854	12926	16400	11890
scanmut_single_pos_64_A	7378	11063	15746	13941	15553	5466	2274	7420	3458	8720	6473	19365	4503
scanmut_single_pos_64_G	8140	7408	7109	3049	7903	7091	10852	4583	10970	10501	7101	4590	6885
scanmut_single_pos_64_T	2827	6389	4345	8291	2500	8994	8174	9932	4944	6936	1924	7736	6390
scanmut_single_pos_65_A	15169	7318	11014	7803	1986	2215	7196	3995	8543	9514	11051	2605	11115
scanmut_single_pos_65_G	3001	6495	5877	6507	7125	493	9606	9754	2427	9560	2463	13828	3882
scanmut_single_pos_65_T	5291	2567	10208	11710	5938	3917	15096	2933	10562	2215	9863	2803	6686
scanmut_single_pos_66_A	7374	8680	8896	10360	1	10029	11191	21332	7212	7995	5178	7541	5170
scanmut_single_pos_66_G	7668	5885	11903	5068	8518	2628	6614	2337	3470	5849	7021	7184	19923
scanmut_single_pos_66_T	5531	6178	15977	8414	18168	7655	9749	6138	3556	9001	2169	10843	5229
scanmut_single_pos_67_C	7107	1898	5245	3270	15794	4226	6995	5537	4986	2291	7135	4206	16643
scanmut_single_pos_67_G	1979	5373	7342	5846	11319	7053	3433	6084	11190	6801	8248	4681	5180
scanmut_single_pos_67_T	20210	7775	4807	3728	4233	3038	7217	5454	5496	6142	6621	4581	9516
scanmut_single_pos_68_A	5102	12985	911	20490	16660	6838	4435	16838	2305	20283	5174	11476	4023
scanmut_single_pos_68_C	6799	9604	6355	4436	6476	5495	15616	4888	8306	2211	8094	3902	5561
scanmut_single_pos_68_G	5101	18746	12925	10592	22803	12992	3378	8258	8400	6726	6417	5957	3550
scanmut_single_pos_69_A	7664	3514	14904	6148	6517	8805	17015	6540	5637	3766	10186	2840	8818
scanmut_single_pos_69_C	5186	9364	6375	7106	1982	6333	2035	12559	5145	7494	1249	10329	6193
scanmut_single_pos_69_G	6832	5296	7930	655	5076	2261	8774	8338	25620	894	5137	2149	6966
scanmut_single_pos_70_A	16988	12174	7420	8229	3249	11155	3834	14000	2878	3509	10106	6052	3162
scanmut_single_pos_70_C	6843	4196	7169	7391	12880	13620	8268	0	12814	3066	11448	6027	6725
scanmut_single_pos_70_T	4200	4997	1193	5179	4580	4115	4291	15003	6872	6764	2438	16557	9060
scanmut_single_pos_71_C	14885	3863	19660	17619	15629	1305	4869	13336	5290	8897	5334	13413	4681
scanmut_single_pos_71_G	16051	5672	9460	8287	3014	8745	4567	2421	5351	18876	3968	13257	1861
scanmut_single_pos_71_T	6559	6707	12196	8616	3693	2272	4390	12499	6319	4420	8853	2377	5955
scanmut_single_pos_72_A	6174	5606	3424	7210	15236	6348	9232	5058	4117	9222	1613	28529	9385
scanmut_single_pos_72_G	7117	13758	5887	2170	10216	5487	8318	4309	8044	8891	6894	2553	12951
scanmut_single_pos_72_T	3366	15674	3438	9435	10640	4241	10245	6786	1537	9952	9959	12296	660
scanmut_single_pos_73_A	9129	5432	6509	10055	5947	5413	12002	10497	16790	4038	10990	4784	15100
scanmut_single_pos_73_C	4355	5590	8142	7682	3006	14400	8171	6611	3816	6575	2705	12026	1949
scanmut_single_pos_73_T	14330	2040	6443	7450	8709	6817	9613	15431	11905	5949	4739	410	8969
scanmut_single_pos_74_A	15052	7320	3614	8441	4720	8731	1033	8394	2608	13192	5348	10985	11039
scanmut_single_pos_74_C	8242	5964	6348	1948	5868	1017	8148	4002	5942	4993	8937	9488	9468
scanmut_single_pos_74_G	6792	11897	14884	6784	4274	12540	1749	4895	6580	11908	15640	9865	12047
scanmut_single_pos_75_A	7798	140	6186	4751	7720	3720	6633	4428	8999	4667	8994	3474	8984
scanmut_single_pos_75_G	2902	5492	5747	6605	3490	8543	2665	7602	3377	8503	3049	8861	2503
scanmut_single_pos_75_T	10673	4502	8431	5234	6708	13944	15683	3225	17412	3051	5252	7414	8832
scanmut_single_pos_76_C	11304	8734	8990	22419	1552	8458	381	8438	3149	12570	20030	12303	23783
scanmut_single_pos_76_G	11572	3217	9111	1152	8463	450	9785	1913	3871	2793	4014	4788	4311
scanmut_single_pos_76_T	2006	5585	5053	6445	3183	2972	2777	9846	11276	8063	6388	17359	4597
scanmut_single_pos_77_C	19773	8150	5695	5218	6548	7697	7226	4796	8576	2584	10827	3604	8380
scanmut_single_pos_77_G	2930	8137	1604	14305	2848	11124	4450	3359	6001	11396	5512	2422	3434
scanmut_single_pos_77_T	11015	1725	3846	6389	6716	3601	8840	7315	7855	5974	13729	5330	7893
scanmut_single_pos_78_A	6023	14514	5864	4579	4375	14141	32	8902	3280	14608	778	13428	20454
scanmut_single_pos_78_C	8258	3546	5047	5759	10343	886	4153	2508	3693	1945	5236	23497	5029
scanmut_single_pos_78_G	4127	12367	10469	4763	1846	9376	3989	9685	3371	6011	4097	8216	1222
scanmut_single_pos_79_A	4273	1106	9797	4032	4442	4333	20835	12474	10879	4425	9439	2102	6698
scanmut_single_pos_79_C	6952	6429	11259	6132	4982	6624	3840	13601	6794	11141	6421	5775	2189
scanmut_single_pos_79_T	6203	7934	6078	3046	6399	7941	8253	4545	7438	13838	8918	2931	21304
scanmut_single_pos_80_A	4746	4658	3303	6288	7581	7694	5191	9392	5562	5413	5027	4101	1889
scanmut_single_pos_80_C	6962	2584	0	2038	7401	8346	9729	3850	13569	3763	6185	3288	9142
scanmut_single_pos_80_T	8370	6430	10963	5592	3111	6645	12764	11511	3962	6463	5941	9200	4441
scanmut_single_pos_81_A	21309	2201	9845	4106	10450	6871	7018	5198	8142	74	3517	2743	7454
scanmut_single_pos_81_C	7483	19365	6075	8019	13585	9412	18678	5212	6367	5177	8903	6064	77
scanmut_single_pos_81_T	6587	4348	5855	2694	20521	3546	8716	4776	7416	1481	6442	3145	16333
scanmut_single_pos_82_C	2133	5317	268	13918	5258	6534	13714	6308	2268	2438	2909	12332	5827
scanmut_single_pos_82_G	6218	4245	5467	3835	6963	13335	4226	170	8931	6551	18533	7263	19461
scanmut_single_pos_82_T	3234	4177	7231	6328	2989	6742	3869	5541	843	7575	6594	5175	16503
scanmut_single_pos_83_A	16014	6860	6595	9133	18430	17624	6942	10264	9920	9489	10485	11669	9188
scanmut_single_pos_83_C	3710	7290	2847	9588	2185	9779	7035	17390	3428	15693	3256	11325	5221
scanmut_single_pos_83_T	21717	16422	6311	23308	9515	4667	3729	4347	9738	2011	8817	0	22169
scanmut_single_pos_84_C	5634	4412	4864	6052	14362	10969	5186	5786	3273	9830	5396	8431	15943
scanmut_single_pos_84_G	16844	1244	6831	3477	32333	3225	16388	17741	19786	8489	10410	7170	8222
scanmut_single_pos_84_T	2587	8570	1281	10528	6385	4762	1058	19501	13933	8401	4321	7968	4250
scanmut_single_pos_85_C	7181	2489	5157	6393	3607	2853	1418	5782	3178	1275	3660	3749	5048
scanmut_single_pos_85_G	683	3055	2778	5410	1661	5834	6471	3818	2459	9959	2857	4483	1854
scanmut_single_pos_85_T	8323	3142	5197	5208	8128	7457	4851	3308	11537	2951	8106	2460	8068
scanmut_single_pos_86_A	2822	1975	3908	7009	1762	8518	2387	6630	1082	2190	2439	5841	1326
scanmut_single_pos_86_G	5269	2611	5630	3300	4936	1672	12175	4733	8565	14891	5432	4262	6432
scanmut_single_pos_86_T	16851	13843	4385	13157	8512	23458	2805	12363	8332	5363	3246	6921	10506
scanmut_comp_8_pos_0	3210	1639	5971	1154	6680	1315	3681	1919	7858	2863	6438	3438	5010
scanmut_comp_8_pos_1	6265	9115	16475	38088	4454	7863	21111	8723	5344	14245	11332	23380	9057
scanmut_comp_8_pos_2	9199	7883	18472	9038	11139	20636	20738	22376	9626	21194	8666	14277	6729
scanmut_comp_8_pos_3	5961	11433	4343	9146	2826	21643	5558	8172	8251	6245	6049	3175	7514
scanmut_comp_8_pos_4	19387	3504	8676	3019	19000	5681	5632	4772	17030	4219	12760	2517	6672
scanmut_comp_8_pos_5	11766	11522	21537	16320	33646	5317	7345	11426	18864	21322	8544	19437	11451
scanmut_comp_8_pos_6	25538	18384	8009	16144	9056	9384	14472	16043	4881	11011	7641	8317	11025
scanmut_comp_8_pos_7	11516	16332	6118	9408	3998	5413	15246	4230	6584	7639	6733	10265	3373
scanmut_comp_8_pos_8	6800	3376	5011	2706	6034	4110	9711	2316	4559	6300	7384	2152	4573
scanmut_comp_8_pos_9	10523	18925	7283	17434	26656	15431	22934	12061	9559	12572	6573	10461	23731
scanmut_comp_8_pos_10	9109	50555	37579	12100	18379	11282	23405	6385	17557	25522	9533	10821	16865
scanmut_comp_8_pos_11	17413	11724	21619	40774	17198	26439	15070	9234	13961	15123	6403	20799	30431
scanmut_comp_8_pos_12	9545	14790	14725	16369	10791	11243	18643	8607	18525	12294	25147	22343	13676
scanmut_comp_8_pos_13	5492	6781	4525	10947	9890	8200	29198	17915	4038	34600	8960	7247	7490
scanmut_comp_8_pos_14	8226	8041	10899	19186	10979	13105	13587	3920	5782	4825	11985	6992	14630
scanmut_comp_8_pos_15	28357	27129	6734	18682	8437	8248	14179	30616	18502	19430	4432	9247	7185
scanmut_comp_8_pos_16	14492	23610	45624	3606	24116	23490	13054	32989	36981	7313	17206	27360	43240
scanmut_comp_8_pos_17	28091	14023	8431	7248	16187	42529	4583	17750	20633	23267	5902	12660	4478
scanmut_comp_8_pos_18	23925	13048	11485	20080	13319	19949	14076	12074	10117	10684	26467	3890	19171
scanmut_comp_8_pos_19	7921	16469	16142	23890	10444	11165	37712	41922	17551	12824	18417	26542	11254
scanmut_comp_8_pos_20	7950	4755	16302	13329	16127	4608	16238	6692	15089	11706	9179	9853	5977
scanmut_comp_8_pos_21	5581	13397	36378	29652	12369	15436	10591	21857	16323	36308	7184	18534	16766
scanmut_comp_8_pos_22	22284	12913	14939	15529	41634	6910	13697	11005	10675	5903	42837	27689	24744
scanmut_comp_8_pos_23	12071	13684	2990	24065	6067	14097	5612	7428	8840	19866	16361	36395	3927
scanmut_comp_8_pos_24	10062	2656	13645	9204	21592	10379	14961	13145	19430	19560	7795	5883	19360
scanmut_comp_8_pos_25	8094	27736	33667	13070	7377	11443	13482	42118	4844	25001	14144	50902	13131
scanmut_comp_8_pos_26	40271	7132	10556	2350	28902	14387	13656	8029	13128	11470	5890	4744	11224
scanmut_comp_8_pos_27	740	7343	2821	5561	122	7244	1628	5702	957	6146	1991	6475	1484
scanmut_comp_8_pos_31	10427	4944	10046	3775	6873	9838	9712	2543	6293	23532	8059	13199	6568
scanmut_comp_8_pos_32	15312	4373	4008	1954	18027	11762	3518	10269	14468	8754	11765	3271	4207
scanmut_comp_8_pos_33	8268	2262	9679	3299	12777	4748	5667	2223	2064	1850	9870	2166	4874
scanmut_comp_8_pos_34	3471	9950	21395	12110	5096	6463	6131	11991	6449	18832	8776	8738	25070
scanmut_comp_8_pos_35	5181	3609	3439	1039	7283	6329	5363	3269	8319	1720	11776	982	6134
scanmut_comp_8_pos_36	2000	15283	1049	17118	1837	4945	1871	8377	4033	24764	3653	8426	1182
scanmut_comp_8_pos_37	7793	9212	8380	5	10552	15060	16291	3631	6066	3434	3957	3196	5614
scanmut_comp_8_pos_38	5857	14060	1091	3325	2538	4601	857	4131	1213	6435	2669	9611	7882
scanmut_comp_8_pos_39	4911	3379	9753	2263	13919	3491	15676	2281	14684	2746	1785	1944	6739
scanmut_comp_8_pos_40	4291	4647	3421	6265	5845	8968	1713	13559	942	11917	2684	4690	2843
scanmut_comp_8_pos_41	5485	5110	4289	2359	5489	1731	5693	3589	4028	3792	6759	4152	7818
scanmut_comp_8_pos_42	4672	18061	5252	15442	8759	7025	7	28067	6518	8722	6223	304	15817
scanmut_comp_8_pos_43	4259	2677	7435	7787	15158	2746	5375	3797	6085	7737	17162	3390	7393
scanmut_comp_8_pos_44	1759	12785	3497	4742	2373	4971	1882	11923	687	7060	2187	7980	3130
scanmut_comp_8_pos_45	5997	11437	6839	2791	7693	3248	4066	4108	8509	8299	11081	6963	4018
scanmut_comp_8_pos_46	7774	12838	1806	9347	8343	4270	4889	4490	3104	4714	2293	3774	7914
scanmut_comp_8_pos_47	6418	5515	11260	8302	7442	9039	8368	3804	7211	2970	7336	1860	20845
scanmut_comp_8_pos_48	12454	7564	4588	8194	2181	7218	11110	7805	3609	1414	5734	4696	2393
scanmut_comp_8_pos_49	8864	2690	6485	2135	8577	1750	15804	2302	9998	4996	15982	3391	615
scanmut_comp_8_pos_50	14161	11586	4847	8084	3502	15894	1500	7504	4168	23007	6438	9599	1996
scanmut_comp_8_pos_51	2008	9021	10840	1848	7081	1092	8418	1005	10910	4624	10000	5639	4782
scanmut_comp_8_pos_52	2379	5225	5623	12781	7583	5605	2155	8007	2641	8589	3857	16034	1
scanmut_comp_8_pos_53	9877	6278	11598	5465	5072	761	6918	4277	6711	5566	5199	1075	7873
scanmut_comp_8_pos_54	1608	15284	9144	9844	4750	5230	3914	6985	10668	12231	10604	7082	2202
scanmut_comp_8_pos_55	13368	2134	15299	9466	11104	4227	7499	11666	6968	5146	4544	6612	5359
scanmut_comp_8_pos_56	5311	10325	3701	2917	1956	6523	6418	6443	4446	5736	3012	7745	502
scanmut_comp_8_pos_57	4707	7409	6590	2530	3919	3749	4363	4979	5648	2226	6255	2318	5954
scanmut_comp_8_pos_58	7077	4764	3942	9852	5624	4976	17397	5595	862	6965	1938	6293	3716
scanmut_comp_8_pos_59	6050	2033	20577	3008	4623	1116	23012	5810	8929	2858	21449	12653	9067
scanmut_comp_8_pos_60	951	9546	2174	8996	8875	8097	7052	10451	333	6487	4189	7191	724
scanmut_comp_8_pos_61	11814	1605	6692	5308	11403	1927	11374	1707	9128	3735	11587	2078	9886
scanmut_comp_8_pos_62	3181	15024	4116	23349	5357	9021	10586	8318	2117	8148	9957	4748	2758
scanmut_comp_8_pos_63	17170	2151	7886	1818	6130	1551	8276	1787	8841	1896	6125	3061	13583
scanmut_comp_8_pos_64	12084	4489	2530	6847	1447	9258	3540	9715	12864	7918	2575	4388	2745
scanmut_comp_8_pos_65	6668	2826	6511	1888	4911	6419	8015	4089	6900	3357	6201	2666	10278
scanmut_comp_8_pos_66	9888	5500	11974	11897	4123	5638	2178	4610	8446	5831	3751	4452	4801
scanmut_comp_8_pos_67	6116	334	4722	2089	6203	4021	15358	1430	6947	6651	3419	4466	12987
scanmut_comp_8_pos_68	1613	10067	3413	2982	3275	10521	2162	3977	6081	5779	7274	4676	791
scanmut_comp_8_pos_69	8529	12427	16824	6218	7100	17	5110	4938	7105	9178	10947	5467	8418
scanmut_comp_8_pos_70	2803	8262	4052	4164	1013	3260	3150	8664	2754	5132	5390	3706	13015
scanmut_comp_8_pos_71	7726	7103	10435	4531	6607	2017	4141	14122	19088	1182	4439	2314	8741
scanmut_comp_8_pos_72	0	10669	28	14267	3773	5658	527	16130	3692	6461	3765	9535	4278
scanmut_comp_8_pos_73	2690	2398	8162	833	4811	4898	2856	5741	5948	2626	4901	4586	5044
scanmut_comp_8_pos_74	3843	4437	3678	4603	3545	3845	3290	7923	5193	17268	1403	7841	10524
scanmut_comp_8_pos_75	4049	4958	2908	3767	4565	6672	4859	2633	5925	1827	2086	4683	3533
scanmut_comp_8_pos_76	1993	2515	418	2923	5723	4238	1678	5426	10338	2032	2815	3371	1680
scanmut_comp_8_pos_77	3779	4983	10186	2943	6538	14072	4853	3933	3342	3900	2415	3471	4039
scanmut_comp_8_pos_78	1503	2957	3523	2131	4758	2359	1436	2069	1571	190	1942	2039	9342
scanmut_comp_8_pos_79	1643	3538	1760	4070	4753	7850	1584	1527	3844	1704	3294	1861	5160
scanmut_nocomptransv_8_pos_0	2736	4666	3045	17922	6594	5198	4533	14851	2148	15496	2710	14750	2616
scanmut_nocomptransv_8_pos_1	31514	31189	19498	25387	26040	46842	21603	18541	24640	10554	39613	15849	19971
scanmut_nocomptransv_8_pos_2	3622	5765	4350	9502	938	8022	1949	5793	7336	6863	4761	4872	2014
scanmut_nocomptransv_8_pos_3	40690	30031	19765	33848	21254	33083	35379	8635	21977	35448	36451	6688	30620
scanmut_nocomptransv_8_pos_4	61039	10180	12866	10321	8595	12261	21056	31273	14052	26153	11797	14101	6235
scanmut_nocomptransv_8_pos_5	8791	18554	9681	40083	9270	39634	12805	10957	13816	13691	19191	21209	10210
scanmut_nocomptransv_8_pos_6	14157	11902	21574	7952	10757	7292	23569	29869	9387	8088	7476	9540	13382
scanmut_nocomptransv_8_pos_7	7139	3491	13329	3485	16156	7330	16375	12279	8419	3866	7587	2345	7052
scanmut_nocomptransv_8_pos_8	15000	11553	10053	13219	13218	12713	14913	12165	25561	3622	33710	10820	59065
scanmut_nocomptransv_8_pos_9	8802	3434	9162	5887	8713	5160	3452	18991	13342	14490	26179	21123	25354
scanmut_nocomptransv_8_pos_10	27	13461	828	6128	260	7463	274	7073	1943	10915	663	8286	2317
scanmut_nocomptransv_8_pos_11	12652	17530	14925	12009	1093	7939	23041	23776	25455	19013	10245	16034	27000
scanmut_nocomptransv_8_pos_12	20316	17286	23669	20157	19199	21214	10774	44308	25255	3405	14009	19167	9926
scanmut_nocomptransv_8_pos_13	24216	8829	27891	18129	24195	29040	19546	19239	24972	12045	22367	14082	37998
scanmut_nocomptransv_8_pos_14	4763	15838	6168	15327	5590	14488	6543	31952	726	12736	6214	17510	9908
scanmut_nocomptransv_8_pos_15	9061	32956	11131	14377	13420	9829	9886	20313	35349	9364	4608	28983	40274
scanmut_nocomptransv_8_pos_16	3049	66529	9610	26457	15839	22010	10931	16308	4499	24390	22050	24202	18810
scanmut_nocomptransv_8_pos_17	24755	14247	48980	15059	71472	27276	27847	16065	22838	16313	25452	8390	66984
scanmut_nocomptransv_8_pos_18	28504	41647	12279	20555	11097	22721	38472	13338	11457	30396	0	13714	11346
scanmut_nocomptransv_8_pos_19	4659	11717	25582	18749	33787	31787	15179	6953	41441	14063	18990	20891	13275
scanmut_nocomptransv_8_pos_20	9069	13168	26660	15661	29537	15699	9573	23820	9394	13898	10275	15662	15483
scanmut_nocomptransv_8_pos_21	17667	56735	17114	22048	3287	6991	15411	19243	24188	15871	10198	5722	18584
scanmut_nocomptransv_8_pos_22	14975	20310	11873	19180	6154	18943	10195	30959	32057	28842	14635	20696	14413
scanmut_nocomptransv_8_pos_23	21427	11765	35015	28460	16096	34189	31242	14154	19641	11811	6216	10621	11564
scanmut_nocomptransv_8_pos_24	6840	24002	42613	20517	15026	18023	7172	22290	14270	24644	43492	40830	22791
scanmut_nocomptransv_8_pos_25	14425	8348	15456	2325	7001	5013	9943	4117	6990	3729	4348	5663	10867
scanmut_nocomptransv_8_pos_26	2154	8330	538	3875	528	700	1384	3951	605	5619	555	4228	772
scanmut_nocomptransv_8_pos_27	10493	1553	4089	552	3279	77	4992	350	4004	648	5181	459	3428
scanmut_nocomptransv_8_pos_28	772	3685	505	6266	1099	3916	421	4498	1451	3793	673	1792	3830
scanmut_nocomptransv_8_pos_29	0	1921	8331	7567	19201	3518	21975	8571	19370	18661	13140	5852	12745
scanmut_nocomptransv_8_pos_30	1755	10371	1447	11102	8961	8552	2281	6371	2704	9678	3515	10059	10391
scanmut_nocomptransv_8_pos_31	8857	8338	12537	8258	11503	3579	8929	14602	6966	6505	7020	7417	9812
scanmut_nocomptransv_8_pos_32	1433	0	3159	3864	5294	7884	2415	8806	2912	7062	3310	6446	3580
scanmut_nocomptransv_8_pos_33	10039	5443	11375	6846	16276	6134	11404	3849	21241	19035	16914	5416	10808
scanmut_nocomptransv_8_pos_34	17057	19442	4694	7766	2714	19990	28173	6766	3164	9346	11998	13281	11013
scanmut_nocomptransv_8_pos_35	5397	4499	9670	5384	6214	12890	17680	2984	11010	12315	10156	13140	19621
scanmut_nocomptransv_8_pos_36	11867	6728	3487	3692	896	6456	4433	5598	8318	13486	15848	10704	8183
scanmut_nocomptransv_8_pos_37	4162	12653	7735	3559	7449	5059	23836	8177	6429	3598	18660	3122	7947
scanmut_nocomptransv_8_pos_38	1826	6159	4392	7262	3385	8268	10624	8832	5249	4883	5144	9422	3862
scanmut_nocomptransv_8_pos_39	6279	1341	6886	790	4462	6848	4704	1838	15331	2521	6779	2111	6576
scanmut_nocomptransv_8_pos_40	1112	6700	2382	1171	1476	7669	1503	6952	1281	5451	1712	5880	7877
scanmut_nocomptransv_8_pos_41	11907	5547	2917	4276	4654	7473	4594	6142	6269	3267	3350	3203	7454
scanmut_nocomptransv_8_pos_42	2838	15559	1878	9411	7227	5211	1681	9481	4082	5126	1968	5960	7044
scanmut_nocomptransv_8_pos_43	8221	4719	6319	14556	9697	9245	8325	12634	4247	6867	5926	2513	5865
scanmut_nocomptransv_8_pos_44	3280	6605	6712	8801	2451	11098	10685	16176	1551	7957	5387	5081	3002
scanmut_nocomptransv_8_pos_45	10477	3380	9363	3411	6558	2378	19760	6243	5313	1623	4246	5748	3115
scanmut_nocomptransv_8_pos_46	3206	11838	11363	7626	6033	6171	2578	12459	3551	6589	4609	4060	10163
scanmut_nocomptransv_8_pos_47	7052	3463	6813	4193	13492	4836	8330	7881	8547	3980	4708	1308	6211
scanmut_nocomptransv_8_pos_48	4259	3312	14671	5944	2788	2567	3852	10043	1673	9588	5192	7742	2760
scanmut_nocomptransv_8_pos_49	8022	1530	5483	1007	4909	2854	6996	3750	4935	3463	6132	4531	5052
scanmut_nocomptransv_8_pos_50	2921	7306	2244	10441	2719	4942	1250	8054	5673	8042	1973	7968	8321
scanmut_nocomptransv_8_pos_51	2519	751	15761	1273	4319	5322	5207	1847	6641	2816	14076	2585	5523
scanmut_nocomptransv_8_pos_52	2445	7702	2779	18929	1528	4772	4235	4578	4528	2577	2724	4663	3354
scanmut_nocomptransv_8_pos_53	3761	2152	7356	2421	18705	2082	4542	1901	4105	1117	6884	1114	4761
scanmut_nocomptransv_8_pos_54	1944	2388	2587	10055	11916	8100	6396	5852	2216	7007	2042	7855	10492
scanmut_nocomptransv_8_pos_55	5736	1007	9450	2974	8807	3693	5089	4864	14929	10362	9392	4605	7821
scanmut_nocomptransv_8_pos_56	9357	11173	8079	5499	3369	9407	8575	3511	2704	6582	5841	6014	2823
scanmut_nocomptransv_8_pos_57	8348	4594	14924	2812	19002	3846	4610	4980	6265	16763	5116	5212	7113
scanmut_nocomptransv_8_pos_58	2693	3655	1723	4407	7468	7363	5173	6458	2075	7269	3128	18228	11091
scanmut_nocomptransv_8_pos_59	164	3071	16150	4313	6	16111	10829	3293	15207	3881	11908	5233	15864
scanmut_nocomptransv_8_pos_60	0	8949	3073	6400	4060	6672	4674	7242	5431	18011	1540	20731	7208
scanmut_nocomptransv_8_pos_61	7931	1472	13169	2383	6831	6478	8200	2980	7877	3644	6698	6021	6913
scanmut_nocomptransv_8_pos_62	2844	7634	3172	8011	2047	8978	3836	14322	2631	12076	3876	4315	3209
scanmut_nocomptransv_8_pos_63	8839	4446	7251	2072	8678	2212	13247	2528	5399	2534	8237	2699	10043
scanmut_nocomptransv_8_pos_64	2458	10460	2	6661	7091	5178	2906	8185	539	10734	6586	5516	1079
scanmut_nocomptransv_8_pos_65	6173	3590	4003	7372	7394	2253	4441	3385	8622	3587	6543	1927	8252
scanmut_nocomptransv_8_pos_66	5203	5381	1762	7548	6749	6766	2893	2261	5766	9971	3173	8684	2263
scanmut_nocomptransv_8_pos_67	4010	8347	7688	1442	4826	2163	2963	2008	3476	987	4141	5606	11969
scanmut_nocomptransv_8_pos_68	9476	8136	3727	7015	2493	4302	1331	6897	6000	4971	1805	4260	1927
scanmut_nocomptransv_8_pos_69	4841	3502	8938	3747	9505	3270	7529	11542	10954	3537	9964	13438	2322
scanmut_nocomptransv_8_pos_70	3416	6388	10959	10936	7648	3649	7964	2902	2218	4809	3169	2931	6890
scanmut_nocomptransv_8_pos_71	6308	895	4789	8008	4416	4997	14219	2457	5162	1104	4541	6227	9706
scanmut_nocomptransv_8_pos_72	4600	5900	17733	15063	8769	5448	3207	8840	6703	12052	9420	9178	6599
scanmut_nocomptransv_8_pos_73	3538	2974	6803	4216	6822	17445	9519	4807	5564	9511	16058	12085	6277
scanmut_nocomptransv_8_pos_74	10778	9472	8438	7358	18690	6877	5073	9293	11839	4395	4620	7501	5715
scanmut_nocomptransv_8_pos_75	9988	7163	10884	4296	11338	7869	4621	6939	5283	11507	6883	25278	14316
scanmut_nocomptransv_8_pos_76	11293	3858	11068	2101	4671	6540	0	5021	10124	5263	8632	7466	5979
scanmut_nocomptransv_8_pos_77	1142	12339	2002	2630	6660	7283	4754	9865	35	8297	3153	3667	4602
scanmut_nocomptransv_8_pos_78	1290	3231	1	1063	3063	5791	3355	1681	4376	3267	2078	2449	5838
scanmut_nocomptransv_8_pos_79	477	991	628	921	1312	967	2374	190	1229	848	2094	993	380
scanmut_trans_8_pos_0	1624	7157	1376	4145	491	419	1003	3431	956	3420	391	3606	103
scanmut_trans_8_pos_1	57831	70	12663	9998	20165	5574	16623	19286	13006	8615	22308	32080	18805
scanmut_trans_8_pos_2	16839	5933	8898	5232	8470	9405	8734	6270	4578	8173	5323	12013	8207
scanmut_trans_8_pos_3	25759	5610	12504	21731	29471	10128	8250	5272	35940	5298	18329	8042	10136
scanmut_trans_8_pos_4	3173	5713	731	2494	882	5735	575	9365	479	7369	1491	3425	1525
scanmut_trans_8_pos_5	3846	1974	8072	1445	8996	3354	4219	245	4013	2172	253	1302	3564
scanmut_trans_8_pos_6	2289	5684	449	7215	809	6235	277	4843	685	3965	815	2908	1336
scanmut_trans_8_pos_7	1542	585	4683	377	3440	832	7098	1679	4617	371	5106	697	5138
scanmut_trans_8_pos_8	2523	4675	1673	2468	1950	6568	688	3649	3277	3439	1418	5227	1523
scanmut_trans_8_pos_9	13449	8266	28249	2911	30488	19704	3976	12470	14096	0	14071	18548	8534
scanmut_trans_8_pos_10	7911	13998	6726	16110	13107	18335	54370	17995	14527	11334	43205	17449	22151
scanmut_trans_8_pos_11	13868	6378	18141	10931	14829	15635	10863	11921	5772	15161	15689	7532	13709
scanmut_trans_8_pos_12	46646	8154	10073	37631	17531	12008	5333	9908	24382	28845	25514	12828	4450
scanmut_trans_8_pos_13	15429	71569	36377	15365	18828	10380	14891	10243	11979	19515	20731	18773	14306
scanmut_trans_8_pos_14	11330	21322	28481	30674	8865	19059	23136	29301	6363	10896	13724	14995	27173
scanmut_trans_8_pos_15	18053	23282	11517	21254	42250	10124	11822	15953	17293	25659	17350	26970	15625
scanmut_trans_8_pos_16	9866	22558	36716	16255	25112	13863	17434	52417	21778	19330	25334	21651	13915
scanmut_trans_8_pos_17	12246	9770	45311	37380	15585	37799	29192	11779	22076	12462	43024	12164	13917
scanmut_trans_8_pos_18	5976	13023	11784	12605	10866	17360	8571	15160	18542	9262	26918	15222	13209
scanmut_trans_8_pos_19	10122	37765	17095	5247	42204	10635	16493	41197	17732	35208	75	42435	34849
scanmut_trans_8_pos_20	52758	11314	26848	29410	23587	36047	9312	17212	9174	9912	22096	15203	19741
scanmut_trans_8_pos_21	19953	50186	18240	4827	17494	10807	18458	8397	16941	8694	11160	14336	21096
scanmut_trans_8_pos_22	3557	3533	2587	11528	2527	3422	3135	6512	773	5705	720	3273	1966
scanmut_trans_8_pos_23	0	6378	39418	5643	31200	8301	15752	13536	11718	9984	23058	4932	15452
scanmut_trans_8_pos_24	27848	20271	31376	10057	26981	13684	8416	22056	11210	15297	15700	61974	6085
scanmut_trans_8_pos_25	8941	11953	12193	37010	9672	8534	14065	14309	11131	11316	7033	9491	17
scanmut_trans_8_pos_26	19828	14471	9757	10589	8626	18020	30131	26380	12164	8897	29166	18664	16669
scanmut_trans_8_pos_27	8428	11347	7211	10003	11660	16289	16975	2172	8767	8218	8639	5250	5523
scanmut_trans_8_pos_28	5757	15151	3358	16090	8836	25282	3740	7829	6688	10172	3783	9462	6914
scanmut_trans_8_pos_29	15934	12724	11856	9621	12077	9359	24104	27401	11815	859	12182	8219	11125
scanmut_trans_8_pos_30	5199	26536	6057	9010	7311	10287	5782	23185	13744	33203	23944	13184	16613
scanmut_trans_8_pos_31	3889	4880	14472	11406	7897	4429	9439	7581	11621	17753	8978	4758	11298
scanmut_trans_8_pos_32	302	235	1904	3331	1409	4201	3734	15301	4783	7772	4209	3656	5249
scanmut_trans_8_pos_33	15505	11167	8891	13906	6024	12986	6554	7147	10669	4845	10683	3306	5272
scanmut_trans_8_pos_34	7241	10588	4298	50109	4482	7284	11029	8953	3892	5616	11490	4060	5141
scanmut_trans_8_pos_35	10857	5949	13589	10833	6787	3547	6571	7536	15414	5621	8229	2540	23279
scanmut_trans_8_pos_36	5545	9142	7103	11342	6290	9654	12338	11491	5605	18584	11676	8334	6850
scanmut_trans_8_pos_37	9664	5049	4739	1477	3137	3674	5466	2477	5936	3531	16736	5375	23834
scanmut_trans_8_pos_38	3837	12711	1245	654	4394	8281	7254	4234	3017	7607	5120	11763	2884
scanmut_trans_8_pos_39	7059	2674	8899	1974	13127	6738	16138	6773	7789	3691	5819	1735	5507
scanmut_trans_8_pos_40	5340	8639	7220	15564	1233	7224	1778	8083	2133	10944	4653	3047	3211
scanmut_trans_8_pos_41	3563	2820	7152	3466	5931	1242	6074	2972	3835	2180	6475	1155	7496
scanmut_trans_8_pos_42	1866	5272	1710	8638	3537	4400	1176	5689	2887	10851	6638	5035	1619
scanmut_trans_8_pos_43	9923	3738	8333	1960	4725	3614	4708	4823	9750	6777	4574	50	14770
scanmut_trans_8_pos_44	18122	6420	1415	7158	8471	7022	1968	8193	2944	6003	8280	10028	4184
scanmut_trans_8_pos_45	16085	4628	10417	3293	11578	5012	9035	14059	7862	3108	5962	3133	9458
scanmut_trans_8_pos_46	7148	10623	12985	6786	3644	7797	2731	8236	2266	2309	4080	17231	2880
scanmut_trans_8_pos_47	6261	5751	8277	4756	15255	16103	12214	3878	22663	5819	13027	3964	9785
scanmut_trans_8_pos_48	3812	6574	2647	7816	4633	8234	2977	10009	7565	3345	4112	7907	2431
scanmut_trans_8_pos_49	15373	1024	5304	1908	11692	3892	2649	2398	18702	2419	5153	1851	8600
scanmut_trans_8_pos_50	588	2581	1245	2563	2495	3169	853	3475	469	4899	742	2682	877
scanmut_trans_8_pos_51	6909	6182	4322	3535	7203	3396	6967	5442	7398	2308	6988	9474	12260
scanmut_trans_8_pos_52	2691	5569	7874	9278	2998	5641	4030	6507	1146	3959	414	4276	4314
scanmut_trans_8_pos_53	5618	10709	5558	7761	2457	2902	8254	2382	3194	6268	12012	1931	9266
scanmut_trans_8_pos_54	11693	20722	3369	10763	9465	5797	7336	10748	4321	19776	6841	10017	7130
scanmut_trans_8_pos_55	6371	3633	5766	14341	5561	5393	5037	3866	5451	1946	6072	2578	12627
scanmut_trans_8_pos_56	7682	7116	9365	8153	3483	4287	4300	7614	5618	18125	8332	7111	4037
scanmut_trans_8_pos_57	9464	7329	6709	3764	6371	4155	12713	9385	6613	1840	8595	2009	10069
scanmut_trans_8_pos_58	3738	10419	3050	9493	2524	13588	2333	12066	4522	6139	14169	9075	11935
scanmut_trans_8_pos_59	6926	6854	5754	6868	11997	2053	14767	10525	13559	12794	8085	6962	5580
scanmut_trans_8_pos_60	2517	16792	7203	18233	2313	10156	2489	29324	5134	7910	3399	18968	5834
scanmut_trans_8_pos_61	4207	10602	11246	5030	2300	3242	8500	5555	7942	3543	14814	4775	7062
scanmut_trans_8_pos_62	7874	27124	5987	6414	5079	9573	2306	17795	2244	4612	5136	5919	5335
scanmut_trans_8_pos_63	1	3103	15849	2207	8953	2598	8212	276	8453	3822	9322	896	16973
scanmut_trans_8_pos_64	4919	7692	7059	8300	2631	8991	5805	24128	5441	4387	2877	5454	10433
scanmut_trans_8_pos_65	8935	8521	9490	8478	4989	2766	6540	3471	12013	1551	7534	1825	7848
scanmut_trans_8_pos_66	5233	5403	3468	4745	3758	12303	3517	10760	4812	6082	1639	10898	2307
scanmut_trans_8_pos_67	4118	5128	4400	1000	12305	6060	4034	963	6344	3123	2988	2950	3845
scanmut_trans_8_pos_68	3036	6022	7462	6239	2614	9725	6271	7777	2074	12758	3877	3889	6348
scanmut_trans_8_pos_69	5929	3655	16397	1302	21566	2514	6949	3754	5502	3874	811	2739	4547
scanmut_trans_8_pos_70	2882	5841	1834	7214	5922	6730	4553	3781	4654	6489	5189	7501	2271
scanmut_trans_8_pos_71	6943	3790	9087	6507	7381	2414	7503	1728	19005	11283	14675	7643	4391
scanmut_trans_8_pos_72	4250	5478	6024	5327	2581	6341	2519	7665	10485	6253	5442	11640	5258
scanmut_trans_8_pos_73	3037	4699	5430	2074	2737	1479	4769	6876	6736	3326	4650	1122	5287
scanmut_trans_8_pos_74	4053	3943	3611	5037	3502	13191	8192	11142	2886	6143	3631	3458	10227
scanmut_trans_8_pos_75	2664	6888	4579	5733	3434	2900	14972	2136	4001	1939	11076	3970	549
scanmut_trans_8_pos_76	1372	4618	2117	3727	1866	4917	2506	3557	1006	8997	1369	2790	14487
scanmut_trans_8_pos_77	2607	3646	9228	1983	12165	1305	5382	1154	2991	5046	3934	2972	3282
scanmut_trans_8_pos_78	3650	3121	788	1200	772	1216	1322	2622	1430	1848	3781	5554	2034
scanmut_trans_8_pos_79	3472	7532	1827	8318	1559	2139	2973	1967	4218	4043	2906	1685	1180
scanmut_split_revcomp_right_0_87_offset_1	7961	6022	2009	5971	3451	3853	3175	3264	9134	15405	11509	7864	4774
scanmut_split_revcomp_right_0_87_offset_2	9276	5942	23114	5870	31751	4618	7229	2686	7299	10724	7534	6092	10948
scanmut_split_revcomp_right_0_87_offset_3	7934	45230	8143	10424	5915	9452	22940	22154	8938	27934	13614	23692	6282
scanmut_split_revcomp_right_0_87_offset_4	7820	8128	12674	5610	3122	2279	10046	12957	11235	397	14201	9631	9387
scanmut_split_revcomp_right_0_87_offset_5	4881	7599	2186	4102	9868	5314	1901	28353	5258	30014	31732	6266	29597
scanmut_split_revcomp_right_0_87_offset_6	25105	5062	30017	7177	8609	2536	17902	1196	13158	7412	10160	4191	14034
scanmut_split_revcomp_right_0_87_offset_7	19120	10294	11391	13357	7834	11391	11211	16650	23724	10323	9971	10554	14027
scanmut_split_revcomp_right_0_87_offset_8	8747	15361	10506	12861	8987	9289	9023	3144	9860	5718	10515	3363	14556
scanmut_split_revcomp_right_0_87_offset_9	13859	20324	35601	23432	9123	13835	16409	11523	10672	21292	6431	29939	36599
scanmut_split_revcomp_right_0_87_offset_10	18415	14370	97944	38552	32517	28064	13969	7916	41364	12209	27720	10685	17482
scanmut_split_revcomp_right_0_87_offset_11	1139	5208	4304	8008	3089	12267	4330	7938	3164	6508	1861	10466	2401
scanmut_split_revcomp_right_0_87_offset_12	13192	9482	13610	7907	11000	7957	23772	5160	19396	6636	15803	19229	13939
scanmut_split_revcomp_right_0_87_offset_13	8032	22577	7192	24904	13975	66834	3045	24727	13953	39915	18603	32695	25356
scanmut_split_revcomp_right_0_87_offset_14	10258	2840	5233	2904	4255	2724	6222	7577	18426	3779	9041	9178	8120
scanmut_split_revcomp_right_0_87_offset_15	14250	21696	9162	20577	13119	35195	2262	14428	3996	43558	7619	14383	2075
scanmut_split_revcomp_right_0_87_offset_16	12182	4908	16602	2842	6716	1436	15775	5357	12490	2051	14070	3043	9375
scanmut_split_revcomp_right_0_87_offset_17	14697	5422	4567	7071	2184	7711	2297	7947	12675	24971	4654	9064	1962
scanmut_split_revcomp_right_0_87_offset_18	21426	18094	29277	6971	18477	5979	22889	10945	4950	6049	19223	13713	13539
scanmut_split_revcomp_right_0_87_offset_19	9358	12126	11984	21985	7084	22289	5487	42567	3013	48226	18767	14727	7608
scanmut_split_revcomp_right_0_87_offset_20	11132	16671	18783	12641	43204	17227	15688	7711	32969	5909	19357	7160	24920
scanmut_split_revcomp_right_0_87_offset_21	0	9405	4890	4757	2286	19106	2782	11465	1863	6451	1987	4416	15300
scanmut_split_revcomp_right_0_87_offset_22	15776	3671	9893	4929	8715	41817	17445	9331	19148	4764	36603	4708	11722
scanmut_split_revcomp_right_0_87_offset_23	2942	19958	7682	6274	5471	17284	6058	12634	8940	8714	5642	14613	5298
scanmut_split_revcomp_right_0_87_offset_24	10510	10160	7425	3342	5477	14563	8556	4075	9609	1909	5143	6908	7442
scanmut_split_revcomp_right_0_87_offset_25	6947	6888	20092	11562	4349	3967	5174	13323	5445	9591	18469	12696	8175
scanmut_split_revcomp_right_0_87_offset_26	3526	627	1499	737	2563	1005	1937	1331	1048	767	3418	130	2184
scanmut_split_revcomp_right_0_87_offset_27	4162	20429	2931	17686	7282	14313	3364	22029	18274	10819	10882	24711	6171
scanmut_split_revcomp_right_0_87_offset_28	3249	3206	4324	1105	13781	1585	5974	442	4601	1457	3332	3674	4983
scanmut_split_revcomp_right_0_87_offset_29	4478	7450	934	5623	2348	9006	9098	7032	818	5338	1844	5214	3395
scanmut_split_revcomp_right_0_87_offset_30	12914	4330	5493	3191	6722	1813	3738	875	5256	2111	5157	8564	5053
scanmut_split_revcomp_right_0_87_offset_31	12914	2354	4384	2660	3704	4553	2705	5982	1070	2664	3809	5039	2590
scanmut_split_revcomp_right_0_87_offset_32	7741	16977	8813	3606	10326	2455	4629	16917	5128	5487	9365	5145	7446
scanmut_split_revcomp_right_0_87_offset_33	191	269	79	555	715	483	916	1654	782	1840	391	1432	752
scanmut_split_revcomp_right_0_87_offset_34	4627	408	1312	4457	10405	2069	2603	2406	6655	1336	878	3479	4469
scanmut_split_revcomp_right_0_87_offset_35	3007	3376	1481	6071	4764	6109	3317	9837	2748	2901	1121	14432	707
scanmut_split_revcomp_right_0_87_offset_36	9442	548	2837	4080	2329	592	5410	1165	9607	4118	3256	1718	9238
scanmut_split_revcomp_right_0_87_offset_37	1076	788	921	2896	717	3062	1477	1397	857	1685	350	3829	1375
scanmut_split_revcomp_right_0_87_offset_38	5832	3146	4352	4699	7400	940	6054	2583	5136	3219	4164	5553	1599
scanmut_split_revcomp_right_0_87_offset_39	1211	962	912	1603	1611	4300	1257	787	5815	1930	850	2648	3215
scanmut_split_revcomp_right_0_87_offset_40	1056	896	2459	967	4251	634	4652	793	1491	2939	6151	4251	2191
scanmut_split_revcomp_right_0_87_offset_41	8818	8123	2130	3823	4250	2027	5363	6833	18882	4326	4066	5670	6803
scanmut_split_revcomp_right_0_87_offset_42	956	973	1125	1133	991	375	1544	626	1583	754	1111	1365	2397
scanmut_split_revcomp_right_0_87_offset_43	4980	4025	3511	4027	2812	3065	947	5296	3686	3830	3504	1925	15996
scanmut_split_revcomp_right_0_87_offset_44	11014	5939	5478	2148	323	1478	5819	1898	4801	2211	8141	1847	2980
scanmut_split_revcomp_right_0_87_offset_45	1853	3419	155	2958	1408	1123	647	442	1384	1530	442	2388	1342
scanmut_split_revcomp_right_0_87_offset_46	3360	8215	6275	4448	5454	2274	4753	7758	6083	6653	6713	2618	4454
scanmut_split_revcomp_right_0_87_offset_47	937	2935	915	836	3674	1595	434	1394	968	2190	1697	1778	1274
scanmut_split_revcomp_right_0_87_offset_48	2333	1647	1327	4601	1893	1944	3116	922	2145	3756	2393	2028	2628
scanmut_split_revcomp_right_0_87_offset_49	3415	13377	11597	4063	8706	4824	2041	3380	1333	4991	4719	6069	4919
scanmut_split_revcomp_right_0_87_offset_50	1921	2457	6348	1765	3256	1071	3650	630	1304	398	1916	637	2531
scanmut_split_revcomp_right_0_87_offset_51	2725	5096	2407	6716	3752	2911	7489	4026	5117	5142	2311	1641	5519
scanmut_split_revcomp_right_0_87_offset_52	2675	729	1373	3200	1213	622	676	2043	2123	1075	3162	2059	1766
scanmut_split_revcomp_right_0_87_offset_53	3495	3088	3938	2069	1559	5670	2648	2899	1523	2402	6008	3739	4368
scanmut_split_revcomp_right_0_87_offset_54	2222	2022	3335	2102	1546	2007	1771	753	1778	2193	2886	2770	1790
scanmut_split_revcomp_right_0_87_offset_55	2487	3131	1781	1978	6941	1140	2447	2088	1253	3970	3842	25	1651
scanmut_split_revcomp_right_0_87_offset_56	1182	5469	1220	3781	1406	2356	7257	2119	4134	4068	6702	3680	4702
scanmut_split_revcomp_right_0_87_offset_57	1496	5686	3636	8398	9227	3027	3359	2379	3830	1886	1098	1064	3499
scanmut_split_revcomp_right_0_87_offset_58	882	2798	1127	4542	3138	3875	1555	4333	9093	2777	3505	5595	6072
scanmut_split_revcomp_right_0_87_offset_59	7977	2009	1297	2081	9705	4763	3000	5709	6034	1222	1403	2209	5461
scanmut_split_revcomp_right_0_87_offset_60	6796	2736	14654	6872	7349	12530	14983	6786	7388	3898	9148	7022	4298
scanmut_split_revcomp_right_0_87_offset_61	2956	2592	2201	3458	2925	1951	4847	5501	5793	1145	1109	2084	2305
scanmut_split_revcomp_right_0_87_offset_62	2213	5226	5196	4529	3598	6366	3469	4090	17405	2198	3082	4503	8181
scanmut_split_revcomp_right_0_87_offset_63	89	2516	873	981	1028	3694	3926	9670	2468	6249	2386	1509	1130
scanmut_split_revcomp_right_0_87_offset_64	3193	2627	3344	2561	2065	4376	1936	5022	1234	1642	1741	5763	1607
scanmut_split_revcomp_right_0_87_offset_65	4910	2694	1391	3037	660	3780	2656	3303	6064	2784	2395	594	3604
scanmut_split_revcomp_right_0_87_offset_66	1157	2505	951	1992	2654	1328	2170	3698	882	3098	3614	2142	1308
scanmut_split_revcomp_right_0_87_offset_67	15685	6902	2838	5196	7820	3632	6845	3034	4824	5031	5488	4519	10868
scanmut_split_revcomp_right_0_87_offset_68	1877	2194	2677	2635	1305	1240	800	1525	1769	4591	388	1130	1597
scanmut_split_revcomp_right_0_87_offset_69	265	3279	1111	533	1176	3346	2204	1376	2349	759	850	1849	1940
scanmut_split_revcomp_right_0_87_offset_70	990	3295	1624	3360	3144	2887	6554	980	1069	3347	1468	8889	6505
scanmut_split_revcomp_right_0_87_offset_71	2751	5085	682	2296	13657	4233	3638	6719	8706	5746	7484	6572	6831
scanmut_split_revcomp_right_0_87_offset_72	2325	1144	1093	427	1771	2670	1544	1000	1931	402	822	1515	961
scanmut_split_revcomp_right_0_87_offset_73	2111	3148	2498	3933	2552	5632	2327	2390	3822	3188	1715	649	1533
scanmut_split_revcomp_right_0_87_offset_74	1528	3816	533	1345	427	811	1998	2622	1196	4727	1567	1065	1743
scanmut_split_revcomp_right_0_87_offset_75	2283	3198	2654	930	648	6332	703	1970	966	1007	3113	1858	3980
scanmut_split_revcomp_right_0_87_offset_76	805	3612	1941	1502	3789	3470	1622	8533	5794	1551	1503	1169	1683
scanmut_split_revcomp_right_0_87_offset_77	8205	5875	9295	6098	1533	10423	2671	12679	1990	4170	9442	11841	2987
scanmut_split_revcomp_right_0_87_offset_78	576	534	434	149	659	278	508	312	1009	198	210	37	253
scanmut_split_revcomp_right_0_87_offset_79	3433	5177	3852	909	5625	1967	2046	1646	3333	4235	664	5735	1633
scanmut_split_revcomp_right_0_87_offset_80	7120	1809	3391	2773	3326	1479	3556	4098	2257	4267	4881	3898	8857
scanmut_split_revcomp_right_0_87_offset_81	7284	7578	10791	7267	4383	15332	2018	8566	4614	15152	7758	8280	7214
scanmut_split_revcomp_right_0_87_offset_82	12308	3275	3746	4879	5123	8790	2801	4856	12829	2454	4864	8384	5139
scanmut_split_revcomp_right_0_87_offset_83	3430	6402	1674	4565	6034	6476	3238	3710	2342	7349	3608	6908	3301
scanmut_split_revcomp_right_0_87_offset_84	5533	1860	14961	2141	6060	8596	6832	1256	4260	3276	8577	4180	7579
scanmut_split_revcomp_right_0_87_offset_85	2816	7933	2091	6910	1394	3625	2427	4674	2730	7739	1369	15070	1855
scanmut_split_revcomp_right_0_87_offset_86	5042	3683	4947	11702	5049	1003	5076	2332	11379	7745	6189	7149	7561
scanmut_split_revcomp_left_0_87_offset_1	463	7677	274	8321	1552	5333	639	12973	2	4361	1082	8259	641
scanmut_split_revcomp_left_0_87_offset_2	456	3561	3834	4717	11996	2453	10210	3802	18307	3026	20251	11402	7896
scanmut_split_revcomp_left_0_87_offset_3	657	4822	2999	6257	751	5722	786	7771	3141	5263	1393	5651	6210
scanmut_split_revcomp_left_0_87_offset_4	14440	10740	25708	3178	10349	9894	9903	5107	6102	3034	5245	7779	1422
scanmut_split_revcomp_left_0_87_offset_5	7978	11863	5465	10236	5183	18500	9705	8572	2615	12047	9472	10881	5448
scanmut_split_revcomp_left_0_87_offset_6	4646	399	11106	2366	4109	7595	7353	5157	8153	2189	7564	1374	7230
scanmut_split_revcomp_left_0_87_offset_7	2985	7444	2681	6159	4820	4257	3489	4147	2805	6295	4118	7069	1771
scanmut_split_revcomp_left_0_87_offset_8	6988	1176	10152	383	3262	767	4591	1166	4159	363	6039	88	6177
scanmut_split_revcomp_left_0_87_offset_9	1688	19202	8059	22124	2618	14179	10007	4120	3486	9231	8151	7829	9339
scanmut_split_revcomp_left_0_87_offset_10	15506	37553	18211	12531	41276	7730	35210	12874	15249	7502	14339	61155	16859
scanmut_split_revcomp_left_0_87_offset_11	18112	21063	10777	8563	6962	7799	8497	2137	3456	36430	16169	7171	6352
scanmut_split_revcomp_left_0_87_offset_12	5683	13306	8495	17297	8738	15389	5645	2770	16819	5879	8838	5578	10289
scanmut_split_revcomp_left_0_87_offset_13	793	3748	3479	3060	3221	6062	1384	5711	338	2726	0	5899	0
scanmut_split_revcomp_left_0_87_offset_14	5294	3345	2614	1675	6561	4412	4417	5672	11175	2824	4181	4806	14714
scanmut_split_revcomp_left_0_87_offset_15	11629	10027	4772	16047	22026	50685	5946	6261	9089	10978	20498	7476	6999
scanmut_split_revcomp_left_0_87_offset_16	7628	8653	8911	13737	4578	10662	15146	2910	8192	9977	15640	4136	7082
scanmut_split_revcomp_left_0_87_offset_17	5915	7987	2682	7042	3718	4826	7314	6522	4169	5602	2995	5414	3434
scanmut_split_revcomp_left_0_87_offset_18	7419	458	2355	2153	4013	942	4442	964	4908	3100	7086	770	103
scanmut_split_revcomp_left_0_87_offset_19	12185	10643	10523	10578	7958	7915	8275	7368	4195	8783	6656	9528	5157
scanmut_split_revcomp_left_0_87_offset_20	29720	26772	6879	7460	16370	12809	28451	14839	14330	15596	15951	27266	495
scanmut_split_revcomp_left_0_87_offset_21	20836	17946	5375	12862	18229	7497	7483	12666	10817	15160	38953	7846	50713
scanmut_split_revcomp_left_0_87_offset_22	39065	22074	16000	12898	11340	6310	52200	16774	6612	45329	17347	14564	37904
scanmut_split_revcomp_left_0_87_offset_23	35339	10846	7381	48285	13653	13858	15540	14407	18106	11324	22920	19034	12407
scanmut_split_revcomp_left_0_87_offset_24	12348	10204	27711	25924	14041	3096	29366	14747	10956	18872	6355	17218	10882
scanmut_split_revcomp_left_0_87_offset_25	7683	15877	22339	37322	8736	17002	15185	25726	8637	8689	7996	21744	48594
scanmut_split_revcomp_left_0_87_offset_26	13041	6827	24648	8232	18064	9594	50728	14692	68811	29041	7227	18158	18627
scanmut_split_revcomp_left_0_87_offset_27	9605	12783	11567	9853	50647	8163	13399	14838	12340	10557	25557	12588	39174
scanmut_split_revcomp_left_0_87_offset_28	62326	28786	16208	11132	19288	63205	17105	32478	51195	21685	43210	75050	17168
scanmut_split_revcomp_left_0_87_offset_29	52409	9922	11884	58161	1431	41376	5634	21338	20561	22221	12299	13445	8207
scanmut_split_revcomp_left_0_87_offset_30	47352	29459	54041	12975	3987	15999	18247	25299	40287	24942	13866	23599	52380
scanmut_split_revcomp_left_0_87_offset_31	10442	13157	19373	10830	16915	18710	5593	11206	35343	15306	5220	9974	17078
scanmut_split_revcomp_left_0_87_offset_32	19149	13550	16721	13537	25905	14821	14811	19187	14080	15822	19492	28356	9466
scanmut_split_revcomp_left_0_87_offset_33	11702	13355	11668	72297	31351	9848	10671	48836	12797	18637	18402	21935	18947
scanmut_split_revcomp_left_0_87_offset_34	6052	10675	21549	9235	17419	13460	20149	50716	16806	7167	23305	10106	14841
scanmut_split_revcomp_left_0_87_offset_35	20353	23511	13920	10259	7644	8291	21167	26596	21929	16789	22376	20985	15628
scanmut_split_revcomp_left_0_87_offset_36	10603	39425	9413	12126	11554	7756	7268	38039	10617	10063	6162	23117	32702
scanmut_split_revcomp_left_0_87_offset_37	2271	16104	12459	4193	3771	19797	8659	3861	1538	4918	7430	8020	2338
scanmut_split_revcomp_left_0_87_offset_38	13264	15555	35512	12263	10077	7470	8048	12759	30367	28529	10243	6683	7478
scanmut_split_revcomp_left_0_87_offset_39	568	3882	2463	6603	1355	5951	1975	3414	1088	2498	1873	2002	147
scanmut_split_revcomp_left_0_87_offset_40	5814	2611	5332	2287	4238	3182	5151	2047	2566	2148	10979	3583	7780
scanmut_split_revcomp_left_0_87_offset_41	7019	6852	2688	10915	4855	4516	5633	8826	5892	7166	13326	4798	24043
scanmut_split_revcomp_left_0_87_offset_42	357	6800	10326	8017	23422	1868	6347	7267	10639	3514	29244	6914	6263
scanmut_split_revcomp_left_0_87_offset_43	4815	8579	14291	6199	12231	12369	5466	9585	7934	10666	1750	5090	3712
scanmut_split_revcomp_left_0_87_offset_44	4808	6015	7586	9232	8622	11489	11842	6233	8357	10402	10353	7812	10604
scanmut_split_revcomp_left_0_87_offset_45	9380	15176	4697	16994	5000	50484	7749	13465	7346	38815	6838	29050	8882
scanmut_split_revcomp_left_0_87_offset_46	11549	2193	28947	10102	13310	24172	11281	22039	45636	4512	34177	38046	9915
scanmut_split_revcomp_left_0_87_offset_47	5532	8491	12791	10547	5578	15414	6519	14176	4706	38959	15969	9308	8536
scanmut_split_revcomp_left_0_87_offset_48	11565	10837	45805	9518	20134	3337	61982	3309	44617	7856	16382	12110	28263
scanmut_split_revcomp_left_0_87_offset_49	495	9920	12298	23659	19339	19016	20899	20173	32068	21962	9332	21703	8189
scanmut_split_revcomp_left_0_87_offset_50	19184	5931	39547	5708	44415	7956	19493	2451	14607	6366	20695	8070	11477
scanmut_split_revcomp_left_0_87_offset_51	11910	25557	13885	9575	12358	16418	14003	13336	3109	23194	8570	19595	10364
scanmut_split_revcomp_left_0_87_offset_52	4630	3843	8144	6051	19880	2784	6314	3647	7839	18357	7188	4546	16931
scanmut_split_revcomp_left_0_87_offset_53	11599	9561	8758	46503	55017	45299	6849	46666	17985	100679	16255	37748	5468
scanmut_split_revcomp_left_0_87_offset_54	15846	76466	28226	6933	19117	17087	1258	32745	12943	4230	29868	13414	68446
scanmut_split_revcomp_left_0_87_offset_55	47948	30448	31707	18345	13610	72391	16544	28826	6999	21588	23107	23770	12808
scanmut_split_revcomp_left_0_87_offset_56	7171	8211	15506	5008	42495	3368	7217	4316	41413	13337	16255	8494	29418
scanmut_split_revcomp_left_0_87_offset_57	11698	94217	8211	20753	5349	28867	17754	28051	5142	19087	9847	27537	18448
scanmut_split_revcomp_left_0_87_offset_58	23484	51013	27553	9197	30442	16312	38251	32776	42073	57301	50276	5148	106138
scanmut_split_revcomp_left_0_87_offset_59	3123	6268	2169	6295	3105	3536	5955	4077	1433	7776	694	3159	5789
scanmut_split_revcomp_left_0_87_offset_60	12032	14591	45138	10881	17138	19291	30824	11448	25492	39095	26006	6802	56030
scanmut_split_revcomp_left_0_87_offset_61	19008	47695	14908	39724	43911	13252	6017	77188	21548	21771	10869	11960	7894
scanmut_split_revcomp_left_0_87_offset_62	22153	8268	28736	37734	30181	37586	21576	19991	27204	14196	32430	31313	34939
scanmut_split_revcomp_left_0_87_offset_63	6575	6284	1779	6820	1011	1738	3097	4184	2113	10279	1538	5046	5027
scanmut_split_revcomp_left_0_87_offset_64	16647	5987	15090	10583	26196	11083	29570	7332	26163	5227	10476	12648	20297
scanmut_split_revcomp_left_0_87_offset_65	13871	31410	5344	30809	7909	23477	16019	18748	15984	14002	42839	46166	17203
scanmut_split_revcomp_left_0_87_offset_66	35217	5934	27897	16270	63094	10349	37081	3033	9149	38773	82794	8902	25188
scanmut_split_revcomp_left_0_87_offset_67	16719	25952	5620	67294	15641	67249	11809	49859	7666	27717	9481	49882	5779
scanmut_split_revcomp_left_0_87_offset_68	31444	11034	46264	18961	20400	2868	20937	724	20047	3724	35590	8660	43238
scanmut_split_revcomp_left_0_87_offset_69	18679	52091	11530	24514	14561	46684	7851	80242	5684	41658	34317	70160	6203
scanmut_split_revcomp_left_0_87_offset_70	81710	23149	40863	23253	84006	21545	78020	5489	64474	5617	111979	12358	55823
scanmut_split_revcomp_left_0_87_offset_71	14372	135889	56761	75910	14248	73852	9976	154523	26061	62460	13227	89760	14127
scanmut_split_revcomp_left_0_87_offset_72	35448	35022	41171	11718	28717	11290	36656	5013	23300	27133	56275	6778	152488
scanmut_split_revcomp_left_0_87_offset_73	22985	50977	9751	33904	8783	60077	13334	57668	9147	102977	917	82599	6125
scanmut_split_revcomp_left_0_87_offset_74	16729	18071	21663	23187	21542	10583	38652	6273	30740	19537	56988	9325	62129
scanmut_split_revcomp_left_0_87_offset_75	21940	31806	6620	64717	6742	16498	5440	28047	20916	25064	5293	23253	4627
scanmut_split_revcomp_left_0_87_offset_76	3092	6797	21003	3040	11372	668	12000	1380	9562	3237	10801	1187	10616
scanmut_split_revcomp_left_0_87_offset_77	1575	5652	806	4268	416	3178	1523	2723	817	4334	1353	2216	957
scanmut_split_revcomp_left_0_87_offset_78	3953	731	9025	973	4380	748	10782	984	4354	1350	5533	3822	4511
scanmut_split_revcomp_left_0_87_offset_79	8480	28272	4867	48496	9883	16313	3772	57228	3863	23306	5352	33565	4421
scanmut_split_revcomp_left_0_87_offset_80	35852	11366	45891	5257	20126	10551	58086	15752	21694	7755	31036	12543	30919
scanmut_split_revcomp_left_0_87_offset_81	7196	20076	3347	23270	25047	9907	6463	54722	6218	21212	23598	23011	7647
scanmut_split_revcomp_left_0_87_offset_82	6943	6335	19447	8293	22209	6996	12082	9244	37066	17432	14537	24414	24852
scanmut_split_revcomp_left_0_87_offset_83	3358	15820	32685	46630	5424	20987	11077	14427	35095	12675	21278	55300	9370
scanmut_split_revcomp_left_0_87_offset_84	17201	1256	12513	14647	37728	13318	54302	7919	12191	18004	17480	4411	8951
scanmut_split_revcomp_left_0_87_offset_85	30988	14428	6069	13731	26016	16915	15264	8824	8395	12310	9319	11155	4120
scanmut_split_revcomp_left_0_87_offset_86	20212	5234	6949	11386	10841	5358	30180	5007	20105	38374	5762	12946	15122
scanmut_insertleft_TTAGC_pos_0	3221	3835	1175	5487	1598	6764	1061	8318	1944	2733	1007	3864	751
scanmut_insertleft_TTAGC_pos_1	10184	5726	23958	9008	4308	23059	11704	8452	4614	2624	12749	4158	19049
scanmut_insertleft_TTAGC_pos_2	2887	3539	3885	8451	1230	7845	4677	7674	3614	12626	14731	11164	9045
scanmut_insertleft_TTAGC_pos_3	10324	3103	6568	6791	7590	4683	6611	10678	22189	12605	11010	5703	11561
scanmut_insertleft_TTAGC_pos_4	4407	9683	3639	14270	14743	53912	9971	10350	4533	14029	2524	20696	6582
scanmut_insertleft_TTAGC_pos_5	30357	53246	12572	35617	57634	22885	31136	5336	54595	47770	57393	24113	19779
scanmut_insertleft_TTAGC_pos_6	13294	14922	24684	11342	30127	16506	13736	20318	31719	19114	35139	23557	20475
scanmut_insertleft_TTAGC_pos_7	17576	55841	16486	20157	24115	9672	12121	8658	12129	34275	24043	34319	10448
scanmut_insertleft_TTAGC_pos_8	29668	18913	10898	18790	12385	16441	16968	45487	11114	14881	14612	23280	9126
scanmut_insertleft_TTAGC_pos_9	21933	5360	17981	4452	20209	22341	14403	8821	22238	6640	13798	20931	28281
scanmut_insertleft_TTAGC_pos_10	30363	11549	12195	22849	28101	20683	16830	19513	62657	20439	16566	23111	15978
scanmut_insertleft_TTAGC_pos_11	10738	8666	13874	3171	4738	13166	12009	8460	8259	1785	14720	5027	12339
scanmut_insertleft_TTAGC_pos_12	13967	42927	17654	3194	11150	22745	10714	16134	12176	21302	20587	22810	5284
scanmut_insertleft_TTAGC_pos_13	11502	9933	10503	5544	30377	11579	8005	4807	17187	3594	26828	7558	13999
scanmut_insertleft_TTAGC_pos_14	9988	8876	53534	45259	4266	13629	36517	15666	14350	19240	14989	19359	13613
scanmut_insertleft_TTAGC_pos_15	19888	7494	25450	18771	14795	10737	35739	16621	7760	11154	21708	14500	39130
scanmut_insertleft_TTAGC_pos_16	8532	8349	11217	14116	21643	8704	4724	17508	6124	26031	15199	15589	5561
scanmut_insertleft_TTAGC_pos_17	15061	12722	27851	13093	99471	15324	31776	24914	12463	19514	12397	12823	52973
scanmut_insertleft_TTAGC_pos_18	27905	13312	47071	15489	13902	18118	5596	27416	14503	53456	9120	16351	4273
scanmut_insertleft_TTAGC_pos_19	19718	19518	21227	22883	23262	9993	16545	13423	20935	8765	13107	14954	9959
scanmut_insertleft_TTAGC_pos_20	16133	64672	3209	16342	38754	17377	4198	20925	14119	23940	11944	15886	6118
scanmut_insertleft_TTAGC_pos_21	16494	8666	11643	10414	20973	3513	12687	8757	11477	8286	14789	7914	15760
scanmut_insertleft_TTAGC_pos_22	2460	10130	573	3386	1412	7030	503	5078	670	4192	620	4199	1608
scanmut_insertleft_TTAGC_pos_23	3474	4155	5246	1803	5937	1491	6876	6472	13786	2490	6972	904	11694
scanmut_insertleft_TTAGC_pos_24	1886	12842	3909	5244	1135	11548	3865	4963	1389	4859	5858	2587	1819
scanmut_insertleft_TTAGC_pos_25	5318	4141	5609	3325	4284	6364	8206	1796	3382	974	4845	1440	9531
scanmut_insertleft_TTAGC_pos_26	1085	477	1302	4224	679	6081	844	6348	2639	7502	3415	4552	505
scanmut_insertleft_TTAGC_pos_27	8024	4334	7796	2220	3703	3876	5463	1149	4669	1101	10723	2272	11517
scanmut_insertleft_TTAGC_pos_28	714	6269	2685	8567	2651	10146	0	6396	4199	6861	2549	4348	4396
scanmut_insertleft_TTAGC_pos_29	4621	574	5728	4440	4952	3375	4003	1877	5632	1157	4416	1281	4879
scanmut_insertleft_TTAGC_pos_30	296	1655	2416	6393	1652	4896	965	3030	2998	13566	1290	4860	3574
scanmut_insertleft_TTAGC_pos_31	1897	1679	8229	1173	4508	2220	6001	464	9898	1133	7158	2681	9572
scanmut_insertleft_TTAGC_pos_32	2593	5241	2072	6633	1018	11218	1311	4916	2465	5622	2347	15200	1116
scanmut_insertleft_TTAGC_pos_33	11536	3303	10731	2814	4785	706	5691	2044	8003	997	9529	623	7614
scanmut_insertleft_TTAGC_pos_34	859	9474	3086	5453	7463	7452	2016	5905	1356	7438	3084	7916	1113
scanmut_insertleft_TTAGC_pos_35	10265	1659	5711	2843	7181	4426	5619	924	6068	1809	1902	1007	6128
scanmut_insertleft_TTAGC_pos_36	1873	5184	897	7467	2504	3763	2879	14535	727	7531	1751	8150	2680
scanmut_insertleft_TTAGC_pos_37	2374	1381	7181	821	8128	200	5863	1625	4968	1369	6826	685	7144
scanmut_insertleft_TTAGC_pos_38	777	7358	2763	5495	2510	7152	2044	9043	1034	3781	5410	7504	443
scanmut_insertleft_TTAGC_pos_39	7295	967	4943	1447	5935	4298	5518	866	3251	2636	6796	889	6550
scanmut_insertleft_TTAGC_pos_40	3610	6938	1227	3744	565	3938	7367	8461	1510	4731	1944	8205	2400
scanmut_insertleft_TTAGC_pos_41	4705	377	9150	1839	7789	3622	14040	1736	6481	2573	3728	1932	7419
scanmut_insertleft_TTAGC_pos_42	2780	10602	5072	5806	2018	10109	2695	7695	1	4373	2601	12405	2967
scanmut_insertleft_TTAGC_pos_43	3832	531	4034	4850	2334	1105	6407	4756	4058	4755	6406	380	7424
scanmut_insertleft_TTAGC_pos_44	664	2920	1567	4611	1331	2390	1352	5905	1701	5070	2384	7120	801
scanmut_insertleft_TTAGC_pos_45	4816	1647	9534	796	5717	621	5742	1876	12397	2573	5160	1288	5579
scanmut_insertleft_TTAGC_pos_46	1183	3124	1762	4380	980	10315	1261	8678	1811	5116	1190	10494	1401
scanmut_insertleft_TTAGC_pos_47	4097	834	5028	865	4619	3537	12119	498	2804	3068	4314	970	4829
scanmut_insertleft_TTAGC_pos_48	576	2381	3042	5365	902	5684	953	5143	852	10168	3973	6636	831
scanmut_insertleft_TTAGC_pos_49	7133	3432	3254	1920	6026	1046	8377	1299	5735	6932	6346	0	610
scanmut_insertleft_TTAGC_pos_50	1911	5068	284	0	2321	8852	1049	4257	2315	9990	2408	4469	597
scanmut_insertleft_TTAGC_pos_51	8922	1624	3561	788	3986	1537	2096	995	4238	612	2733	807	4859
scanmut_insertleft_TTAGC_pos_52	70	7120	1405	6346	1447	5578	1160	5394	3379	1300	1576	7594	2062
scanmut_insertleft_TTAGC_pos_53	4189	2148	3692	1480	10204	4010	5050	929	3077	2707	2689	1506	5140
scanmut_insertleft_TTAGC_pos_54	503	4416	5344	4789	1048	7756	1987	4844	1738	6560	2206	5237	1503
scanmut_insertleft_TTAGC_pos_55	11167	3057	4990	1442	7174	1140	3832	5159	1933	3305	3838	1321	3047
scanmut_insertleft_TTAGC_pos_56	3769	7096	1240	2908	824	5002	3795	13243	4	4397	542	5352	807
scanmut_insertleft_TTAGC_pos_57	10211	2892	4036	3513	4671	1355	8920	7870	4458	1588	4699	1491	4520
scanmut_insertleft_TTAGC_pos_58	754	10012	1021	5332	652	10395	936	4494	2780	5812	4573	3681	1799
scanmut_insertleft_TTAGC_pos_59	3173	1787	8424	532	6564	623	3742	817	4054	952	3399	2321	4403
scanmut_insertleft_TTAGC_pos_60	419	3776	1688	3089	2146	8479	1298	5336	3628	2893	4073	7897	2765
scanmut_insertleft_TTAGC_pos_61	9240	1010	6081	1091	5790	299	4022	564	5316	814	6534	1654	2640
scanmut_insertleft_TTAGC_pos_62	2177	5053	3048	8430	1348	3445	3318	3451	1346	6902	514	5118	6857
scanmut_insertleft_TTAGC_pos_63	5030	605	5239	2287	4511	1681	2756	3829	4327	1280	11184	3791	12796
scanmut_insertleft_TTAGC_pos_64	1661	4251	4536	5665	596	6455	1390	11016	2902	4978	912	4800	2434
scanmut_insertleft_TTAGC_pos_65	3294	862	3293	3802	2140	2590	3944	1221	3494	1436	4736	1553	4201
scanmut_insertleft_TTAGC_pos_66	3090	2158	559	2110	182	4471	2270	7163	2687	5715	1886	4557	2254
scanmut_insertleft_TTAGC_pos_67	427	4708	547	1137	4464	180	3284	491	2969	3312	4840	3145	8939
scanmut_insertleft_TTAGC_pos_68	1835	5645	1784	5629	1542	5796	1139	1431	4641	2869	3796	5744	2550
scanmut_insertleft_TTAGC_pos_69	3297	1028	6300	3803	1744	609	9512	1883	7001	2852	4335	1791	5392
scanmut_insertleft_TTAGC_pos_70	2077	5708	255	3401	794	6931	1276	5963	2118	5942	2038	5085	1353
scanmut_insertleft_TTAGC_pos_71	4069	2174	4470	1839	5202	4260	6057	1028	7316	1011	2767	4281	7715
scanmut_insertleft_TTAGC_pos_72	1168	5217	1193	3770	756	3155	3798	5790	2557	5940	2029	3544	441
scanmut_insertleft_TTAGC_pos_73	8271	1486	4320	4648	2943	3030	4809	859	3113	1716	3072	1261	4549
scanmut_insertleft_TTAGC_pos_74	2061	3084	2810	4440	1065	4165	826	5074	3044	1970	1405	3983	1530
scanmut_insertleft_TTAGC_pos_75	5362	1574	3951	2001	4181	2541	5536	1611	2752	2575	4894	1601	3977
scanmut_insertleft_TTAGC_pos_76	2268	2709	1191	2908	7713	11358	6091	4878	4186	3818	1627	3137	1043
scanmut_insertleft_TTAGC_pos_77	4254	845	4289	2041	4736	1928	4926	1723	3055	1648	5299	4243	4006
scanmut_insertleft_TTAGC_pos_78	956	4177	1384	3410	2190	5626	3213	4597	1068	10060	2437	4408	2773
scanmut_insertleft_TTAGC_pos_79	10030	809	7145	2460	3721	1310	5014	2921	7892	3262	5231	1647	4716
scanmut_insertleft_TTAGC_pos_80	2566	11949	1575	4357	741	4105	2035	4549	2565	5720	1255	5023	1044
scanmut_insertleft_TTAGC_pos_81	2105	678	2335	1883	2044	1103	3512	1263	2479	264	2211	613	2519
scanmut_insertleft_TTAGC_pos_82	645	4562	2587	5462	1245	2703	948	1570	1611	4025	1118	7874	1738
scanmut_insertleft_CTGCA_pos_0	3713	2293	6346	1685	10830	1365	5711	1786	6451	3846	5281	1584	4409
scanmut_insertleft_CTGCA_pos_1	3154	12853	1991	9657	5314	9632	4627	5841	4314	13186	6177	5363	7447
scanmut_insertleft_CTGCA_pos_2	24259	4160	9897	21021	52876	20456	17413	17649	16241	7941	23820	6690	4220
scanmut_insertleft_CTGCA_pos_3	4501	11377	10967	17700	8720	9637	3416	12273	9265	13168	7110	9035	8667
scanmut_insertleft_CTGCA_pos_4	14142	12044	16928	26755	3675	11097	22221	6170	17880	30665	7577	6463	52390
scanmut_insertleft_CTGCA_pos_5	4938	5865	16764	13474	19055	15742	10126	11093	13967	4237	24927	24568	6169
scanmut_insertleft_CTGCA_pos_6	18803	15725	14418	15522	27103	9524	25079	5139	54202	46736	12734	32256	43091
scanmut_insertleft_CTGCA_pos_7	36820	8197	7258	13799	7641	33769	2690	14347	5021	10486	5585	37681	7020
scanmut_insertleft_CTGCA_pos_8	12191	3812	15982	12896	22573	51009	14381	5475	37938	4114	17904	7138	8668
scanmut_insertleft_CTGCA_pos_9	10459	14945	4226	7893	4500	10356	10303	16469	20654	9493	7680	7340	10066
scanmut_insertleft_CTGCA_pos_10	21596	5253	11645	3818	12791	3341	11591	7171	25516	3079	19504	5519	8856
scanmut_insertleft_CTGCA_pos_11	1375	4683	2816	11794	332	4989	897	6443	1018	11553	3663	5243	964
scanmut_insertleft_CTGCA_pos_12	10148	8765	28059	18123	13098	4398	24879	3554	12988	6979	21394	11594	12688
scanmut_insertleft_CTGCA_pos_13	4021	8656	1557	10542	4047	7584	3088	6699	3536	20581	3629	8432	6807
scanmut_insertleft_CTGCA_pos_14	11456	912	15257	1549	7038	4173	3490	2452	6917	1014	8602	3181	15206
scanmut_insertleft_CTGCA_pos_15	7682	12106	10656	15582	29440	15733	2812	15508	16267	16821	25628	12878	30200
scanmut_insertleft_CTGCA_pos_16	15679	29637	42426	13672	27169	12782	13462	46291	26597	17209	8064	5419	40402
scanmut_insertleft_CTGCA_pos_17	2274	4731	1862	5537	2321	6242	1133	9549	5842	5554	975	6068	2273
scanmut_insertleft_CTGCA_pos_18	10891	20501	11023	4630	12623	9568	12176	16976	34618	26729	13904	12229	25519
scanmut_insertleft_CTGCA_pos_19	24873	43028	14116	9128	15731	12878	4642	13409	16786	13555	10639	15976	5810
scanmut_insertleft_CTGCA_pos_20	8989	7584	13830	22883	39304	11767	9329	16329	15532	16184	9384	6116	27288
scanmut_insertleft_CTGCA_pos_21	8089	9650	24865	14344	23790	11491	13640	14278	2140	9499	20062	5700	4944
scanmut_insertleft_CTGCA_pos_22	6762	2725	7872	2701	864	3334	6993	1301	6070	4430	12440	2562	5489
scanmut_insertleft_CTGCA_pos_23	2708	6297	2994	10724	1946	3949	6015	4823	4129	7015	1208	10894	2197
scanmut_insertleft_CTGCA_pos_24	5124	757	4816	2024	7016	4268	7632	1981	8388	3142	1772	3001	6487
scanmut_insertleft_CTGCA_pos_25	1790	5880	1226	5630	3607	6801	4869	2834	1565	3520	3779	11927	536
scanmut_insertleft_CTGCA_pos_26	4637	1532	7729	3117	8241	816	5639	950	7606	437	4383	4988	4990
scanmut_insertleft_CTGCA_pos_27	5254	4877	1427	5134	1298	4973	622	7801	679	5445	4658	5900	382
scanmut_insertleft_CTGCA_pos_28	4852	3740	2167	1579	672	2011	9849	1614	4193	1987	14359	1470	4375
scanmut_insertleft_CTGCA_pos_29	2024	7198	4128	3368	2703	16609	2192	7124	3481	4371	3764	3153	852
scanmut_insertleft_CTGCA_pos_30	2526	3849	7594	4454	4495	2128	10632	1966	3502	3992	6458	4079	4223
scanmut_insertleft_CTGCA_pos_31	2233	12473	1643	3430	3724	10697	678	9848	2382	3235	1019	3653	1751
scanmut_insertleft_CTGCA_pos_32	6242	3550	3720	6235	5700	5440	12446	370	5524	1884	12218	3951	12785
scanmut_insertleft_CTGCA_pos_33	63	9814	1486	5235	1987	5900	683	3251	488	4969	2458	6946	1178
scanmut_insertleft_CTGCA_pos_34	5041	6028	6127	7625	8700	3471	7532	2776	5331	6776	4127	2981	9916
scanmut_insertleft_CTGCA_pos_35	3347	5745	637	3331	1868	4629	4484	3547	3860	10010	945	3527	2471
scanmut_insertleft_CTGCA_pos_36	9780	1342	4154	1669	4972	1511	11106	2410	3754	2674	6169	8059	2763
scanmut_insertleft_CTGCA_pos_37	2355	6708	1787	4675	3816	4937	1032	6722	1659	4453	1429	2066	5983
scanmut_insertleft_CTGCA_pos_38	2873	850	5362	2250	6128	672	7359	5717	6465	1258	5132	4662	5200
scanmut_insertleft_CTGCA_pos_39	3007	8531	1388	0	882	1746	3340	6011	473	4437	2677	10507	1167
scanmut_insertleft_CTGCA_pos_40	4852	2337	8985	2853	6766	1091	6084	3354	3444	1095	4844	1856	7005
scanmut_insertleft_CTGCA_pos_41	601	5017	2690	5237	3164	3910	653	9418	2219	5780	8619	6517	1506
scanmut_insertleft_CTGCA_pos_42	5864	4055	3867	305	5610	2178	4199	3782	4364	4747	4465	1008	5451
scanmut_insertleft_CTGCA_pos_43	841	10906	971	7378	826	5521	1167	7900	3693	528	969	7075	940
scanmut_insertleft_CTGCA_pos_44	5588	914	4268	4879	3797	3937	0	1572	2757	3317	1210	1873	2832
scanmut_insertleft_CTGCA_pos_45	1102	4574	2499	5212	1236	4927	2122	2178	1244	4717	3717	4718	1468
scanmut_insertleft_CTGCA_pos_46	2233	1658	53	1473	8764	1126	3156	953	6185	1644	3272	1434	8123
scanmut_insertleft_CTGCA_pos_47	3050	5395	893	2134	3442	5218	1458	3804	1939	3376	871	6530	1322
scanmut_insertleft_CTGCA_pos_48	3556	1128	5056	851	10377	1433	9032	1900	7107	2553	7994	1124	13497
scanmut_insertleft_CTGCA_pos_49	1278	2678	1383	8820	2217	4589	1249	5855	800	4691	5272	10540	1429
scanmut_insertleft_CTGCA_pos_50	5608	794	4423	1885	7663	528	5498	1159	5798	511	4284	988	4899
scanmut_insertleft_CTGCA_pos_51	1159	2326	3256	8094	1176	4535	632	3507	799	5411	2457	3631	1633
scanmut_insertleft_CTGCA_pos_52	4190	542	4214	810	8382	1138	5470	949	4250	752	4249	1104	5289
scanmut_insertleft_CTGCA_pos_53	1792	4096	1493	4083	900	5702	5379	3746	423	2478	2474	2930	921
scanmut_insertleft_CTGCA_pos_54	6326	824	4844	2210	8267	98	5046	659	4391	1944	4395	857	3393
scanmut_insertleft_CTGCA_pos_55	699	2637	3353	2451	877	3866	1014	3206	1069	6367	309	5117	2570
scanmut_insertleft_CTGCA_pos_56	2837	1184	11490	602	3207	3516	5581	1399	4344	1217	9309	1739	4787
scanmut_insertleft_CTGCA_pos_57	1554	3208	1952	5684	807	2819	1496	3122	1314	3665	1689	3065	1477
scanmut_insertleft_CTGCA_pos_58	3549	3005	7816	3485	9845	1184	2888	1663	669	727	2804	327	6393
scanmut_insertleft_CTGCA_pos_59	795	4291	1350	2259	515	1411	672	3819	4540	7669	296	2993	1555
scanmut_insertleft_CTGCA_pos_60	5957	640	7580	367	4510	2589	819	3460	2709	837	5136	577	1595
scanmut_insertleft_CTGCA_pos_61	610	1580	318	4740	2102	4068	554	3164	929	4373	453	3611	2917
scanmut_insertleft_CTGCA_pos_62	2606	3054	2728	2814	5420	1603	2980	1540	8712	420	3626	1212	4755
scanmut_insertleft_CTGCA_pos_63	1303	1912	2070	3151	938	4638	1757	7379	915	5683	986	3841	2871
scanmut_insertleft_CTGCA_pos_64	2139	2077	3725	578	5517	2340	5353	1201	3588	1214	3811	3833	5018
scanmut_insertleft_CTGCA_pos_65	889	2246	2711	5046	756	2732	1073	3245	447	3585	3862	2944	677
scanmut_insertleft_CTGCA_pos_66	4284	1390	3610	1344	2815	918	634	360	3392	4050	4547	815	3365
scanmut_insertleft_CTGCA_pos_67	1728	6785	2131	4497	2690	2784	1214	4054	1282	4387	1222	3743	986
scanmut_insertleft_CTGCA_pos_68	4934	1054	3306	884	7752	4439	5352	875	1339	898	7191	2430	3911
scanmut_insertleft_CTGCA_pos_69	2839	6177	746	5850	1007	4094	2092	6614	810	2698	493	2619	1652
scanmut_insertleft_CTGCA_pos_70	4096	1396	9476	169	7828	322	2871	1828	2167	1181	10120	3290	3578
scanmut_insertleft_CTGCA_pos_71	2641	3158	3715	2776	1365	2711	3980	5953	1431	3881	5803	2857	434
scanmut_insertleft_CTGCA_pos_72	4526	1550	4565	2642	4271	605	3185	2369	3829	808	5502	1056	5211
scanmut_insertleft_CTGCA_pos_73	1769	7777	2812	7340	500	3956	761	3948	1898	2711	1030	1810	916
scanmut_insertleft_CTGCA_pos_74	10635	1104	8313	1570	1343	924	3686	4721	1675	1680	2182	220	2907
scanmut_insertleft_CTGCA_pos_75	2109	2725	1111	10665	950	8261	2130	4782	734	3036	3486	3662	1594
scanmut_insertleft_CTGCA_pos_76	2040	1585	7091	838	4091	1140	6813	1033	2626	383	4763	275	2680
scanmut_insertleft_CTGCA_pos_77	1964	2360	592	3897	929	10716	3470	2775	1855	3702	2879	4130	724
scanmut_insertleft_CTGCA_pos_78	13014	729	5381	3159	3324	5272	5320	1183	5000	2472	6868	814	2016
scanmut_insertleft_CTGCA_pos_79	2817	5133	975	7592	1367	2409	2520	1405	873	11940	1580	2008	10103
scanmut_insertleft_CTGCA_pos_80	2508	2209	5697	3923	9293	3800	3038	1090	4561	501	3616	4244	6739
scanmut_insertleft_CTGCA_pos_81	706	4871	3683	5249	1346	2209	2041	1113	1889	5707	1120	3484	3379
scanmut_insertleft_CTGCA_pos_82	451	5	1477	9	1190	1983	1261	825	2708	311	1814	113	241
scanmut_insertleft_TTAGCCTGCA_pos_0	3037	6267	4599	6998	17457	14375	14752	17322	5162	3340	8336	9784	4429
scanmut_insertleft_TTAGCCTGCA_pos_1	15894	26927	57323	28952	21576	27140	24488	12770	11393	11495	19459	21036	6088
scanmut_insertleft_TTAGCCTGCA_pos_2	38006	9798	5404	47428	4206	15432	7762	34998	12519	15054	10303	23501	8644
scanmut_insertleft_TTAGCCTGCA_pos_3	16216	26848	22243	25649	10930	24224	12291	2781	11600	23505	26332	14632	43682
scanmut_insertleft_TTAGCCTGCA_pos_4	12584	18595	74567	15654	9157	21555	9062	16498	13545	20873	13881	39107	18934
scanmut_insertleft_TTAGCCTGCA_pos_5	10555	12749	17707	19446	12685	6310	17079	5138	7542	10544	6477	16827	8928
scanmut_insertleft_TTAGCCTGCA_pos_6	11805	13959	35892	8695	11912	28836	8573	11988	22087	12498	10456	11752	27909
scanmut_insertleft_TTAGCCTGCA_pos_7	24086	29068	5452	33464	8527	16327	20730	31071	5221	16218	18675	11826	15564
scanmut_insertleft_TTAGCCTGCA_pos_8	5722	80472	19146	34899	8669	10237	16741	17159	18065	14927	31593	38406	19357
scanmut_insertleft_TTAGCCTGCA_pos_9	20083	18879	12442	24372	24398	14520	17650	33513	11850	35024	20169	15722	22703
scanmut_insertleft_TTAGCCTGCA_pos_10	21648	8044	15215	73480	7668	21463	31692	17290	31444	13047	33416	13946	17207
scanmut_insertleft_TTAGCCTGCA_pos_11	11894	25869	18809	14666	48435	12213	20466	10467	27493	23214	17629	34768	16222
scanmut_insertleft_TTAGCCTGCA_pos_12	14460	24881	10417	18186	17700	63361	20366	53979	16393	21944	12760	19765	15244
scanmut_insertleft_TTAGCCTGCA_pos_13	19864	20122	20498	14165	17023	10939	51314	3849	20902	20772	25234	28975	18095
scanmut_insertleft_TTAGCCTGCA_pos_14	13683	43483	24038	15148	17889	14300	29253	16535	44458	20229	12438	11936	12424
scanmut_insertleft_TTAGCCTGCA_pos_15	23613	17781	23385	24044	12816	17228	14473	12170	41429	18611	50421	30375	19818
scanmut_insertleft_TTAGCCTGCA_pos_16	16891	9223	13902	31512	7646	20614	11618	38232	45003	21246	16813	16480	19521
scanmut_insertleft_TTAGCCTGCA_pos_17	5172	0	6533	1153	2661	2039	5031	817	4103	1289	3927	1727	2385
scanmut_insertleft_TTAGCCTGCA_pos_18	5322	9183	3006	12417	3966	11937	8884	18029	4144	8335	8068	9946	9576
scanmut_insertleft_TTAGCCTGCA_pos_19	23938	4409	5582	7055	8428	10461	7977	8322	15720	6914	16463	7403	5404
scanmut_insertleft_TTAGCCTGCA_pos_20	5604	8205	1510	3782	3151	8831	4604	4633	5020	19954	3317	30429	4305
scanmut_insertleft_TTAGCCTGCA_pos_21	12194	9137	3883	723	7192	4481	8467	5329	15633	9010	8830	6057	8932
scanmut_insertleft_TTAGCCTGCA_pos_22	4935	14285	3085	6620	3318	5859	2242	14890	5023	4819	1412	7264	8491
scanmut_insertleft_TTAGCCTGCA_pos_23	5886	3953	7415	2643	9318	4335	4352	3740	7094	7063	4263	4405	8428
scanmut_insertleft_TTAGCCTGCA_pos_24	4130	9519	6582	21552	16131	14621	4611	25764	5731	17731	16676	7433	6991
scanmut_insertleft_TTAGCCTGCA_pos_25	8072	3195	9043	618	9190	9765	9736	5647	5665	16932	7009	3004	5503
scanmut_insertleft_TTAGCCTGCA_pos_26	4738	5142	6961	6413	5630	8626	9593	6097	9016	15752	6302	6505	9589
scanmut_insertleft_TTAGCCTGCA_pos_27	9223	6320	4700	3564	6639	3572	12839	7427	5893	4885	13847	3178	11806
scanmut_insertleft_TTAGCCTGCA_pos_28	8227	5071	2328	19048	14066	10774	9898	7688	4601	14978	2963	2419	2175
scanmut_insertleft_TTAGCCTGCA_pos_29	8077	5141	4596	2352	4996	5092	5422	7212	9549	1	15779	2392	5410
scanmut_insertleft_TTAGCCTGCA_pos_30	3352	5176	12146	8150	6062	8388	6365	7216	6250	5632	7099	6503	13690
scanmut_insertleft_TTAGCCTGCA_pos_31	16331	2365	7331	9041	2286	10138	6553	10031	6304	8425	20569	5101	6329
scanmut_insertleft_TTAGCCTGCA_pos_32	13378	8192	5179	6361	7791	9126	5487	7447	9246	11563	6292	7677	9008
scanmut_insertleft_TTAGCCTGCA_pos_33	8614	7790	22172	5969	5006	9277	7638	5907	7369	10086	16701	2100	7554
scanmut_insertleft_TTAGCCTGCA_pos_34	7414	8147	4281	11801	6529	7249	5688	17879	4799	7392	4053	6365	14902
scanmut_insertleft_TTAGCCTGCA_pos_35	7435	2403	6348	8324	9964	21309	5717	4435	7793	2225	26561	3413	5733
scanmut_insertleft_TTAGCCTGCA_pos_36	20125	8959	4716	7894	1543	22311	5346	6945	4138	8384	5007	9018	4189
scanmut_insertleft_TTAGCCTGCA_pos_37	7614	5280	6991	15690	9143	4052	9121	17577	6773	9460	7764	5245	4908
scanmut_insertleft_TTAGCCTGCA_pos_38	4389	20580	7680	5880	1675	4708	2631	5059	5820	5796	3884	5547	5558
scanmut_insertleft_TTAGCCTGCA_pos_39	6889	4145	17748	7446	7664	10409	8518	4197	9421	4394	16216	3540	7651
scanmut_insertleft_TTAGCCTGCA_pos_40	2684	3941	9777	26043	2113	10021	3748	6011	2502	15884	2148	8158	2412
scanmut_insertleft_TTAGCCTGCA_pos_41	3079	5226	2986	7271	21666	3564	3273	3569	3835	4214	27284	2767	7024
scanmut_insertleft_TTAGCCTGCA_pos_42	2753	4216	7787	6595	11899	4887	1099	3119	6430	7794	2460	6709	8487
scanmut_insertleft_TTAGCCTGCA_pos_43	6440	3828	8095	2659	9495	4114	8450	3012	11362	2116	4927	5417	6990
scanmut_insertleft_TTAGCCTGCA_pos_44	16372	8194	1567	3735	8804	8528	9011	7864	4461	6741	4563	6715	7108
scanmut_insertleft_TTAGCCTGCA_pos_45	4989	9980	5450	5531	17234	2363	10822	5042	4054	2297	6623	12033	2968
scanmut_insertleft_TTAGCCTGCA_pos_46	4095	8397	1865	3768	2736	5288	861	8403	4313	6391	766	3972	3645
scanmut_insertleft_TTAGCCTGCA_pos_47	3375	3178	4565	7118	12515	2162	13596	2357	11945	4973	4660	4776	20395
scanmut_insertleft_TTAGCCTGCA_pos_48	1117	9229	8298	3902	6274	6993	6243	5331	2913	4879	9544	4730	8051
scanmut_insertleft_TTAGCCTGCA_pos_49	5279	3874	4353	9322	3538	4057	4112	3514	7003	4892	6011	2132	8448
scanmut_insertleft_TTAGCCTGCA_pos_50	2636	5191	9912	3737	2713	9934	2236	4139	9825	5842	13109	5422	3103
scanmut_insertleft_TTAGCCTGCA_pos_51	2441	783	3286	220	1863	339	10030	289	3931	537	2707	2183	2083
scanmut_insertleft_TTAGCCTGCA_pos_52	11650	14488	8555	4274	5045	5981	6874	2434	6397	4779	2594	2358	2857
scanmut_insertleft_TTAGCCTGCA_pos_53	6671	2311	6473	8633	7637	11118	3246	8248	3208	1734	4544	3344	5744
scanmut_insertleft_TTAGCCTGCA_pos_54	10260	4267	4587	13908	14519	18770	4890	15384	5276	2085	3472	4301	3629
scanmut_insertleft_TTAGCCTGCA_pos_55	3188	2685	11438	6896	471	7483	6799	2361	5360	3552	4791	3323	2912
scanmut_insertleft_TTAGCCTGCA_pos_56	7929	3224	4095	5572	7208	19280	6413	5703	1899	4485	2933	11827	3556
scanmut_insertleft_TTAGCCTGCA_pos_57	6997	17364	14497	4461	6147	2632	7876	12883	5871	14879	13226	4586	6875
scanmut_insertleft_TTAGCCTGCA_pos_58	2619	10270	3226	4031	12313	4688	1530	4126	11159	4686	3251	6712	1487
scanmut_insertleft_TTAGCCTGCA_pos_59	18026	2676	19768	2705	2859	6714	5761	7362	5696	0	3535	4840	3424
scanmut_insertleft_TTAGCCTGCA_pos_60	3590	4198	5588	14523	4635	4752	2316	4813	3143	2511	5724	3158	8839
scanmut_insertleft_TTAGCCTGCA_pos_61	7278	5551	18759	5370	5179	4458	12336	3331	5411	11105	15786	2160	4146
scanmut_insertleft_TTAGCCTGCA_pos_62	7246	4549	5283	3971	3485	5517	3091	4020	665	4074	11544	6492	3008
scanmut_insertleft_TTAGCCTGCA_pos_63	1368	4467	10990	3067	8618	2422	5154	6722	5156	1962	3402	10710	1379
scanmut_insertleft_TTAGCCTGCA_pos_64	4033	5314	0	3572	1707	3908	3487	3944	11078	7098	5063	2719	2082
scanmut_insertleft_TTAGCCTGCA_pos_65	12027	4977	5314	6066	5385	4528	6355	4957	8305	2788	3502	3176	6373
scanmut_insertleft_TTAGCCTGCA_pos_66	8764	6233	8697	5547	6981	9719	5118	5486	3002	4545	5038	5331	5908
scanmut_insertleft_TTAGCCTGCA_pos_67	6808	4966	4321	5375	4539	6017	4741	7187	4986	1847	6086	2476	5547
scanmut_insertleft_TTAGCCTGCA_pos_68	2306	4347	12220	16028	7243	13056	5276	3732	7637	4072	4537	6590	9577
scanmut_insertleft_TTAGCCTGCA_pos_69	3654	1475	4022	8285	3000	3937	3241	4557	10017	4155	10365	11789	5228
scanmut_insertleft_TTAGCCTGCA_pos_70	2415	3772	4668	4250	3026	5858	4959	3937	5888	10047	11066	0	3333
scanmut_insertleft_TTAGCCTGCA_pos_71	3638	1499	2979	5539	9232	11760	8199	11627	12162	4560	4841	4456	3549
scanmut_insertleft_TTAGCCTGCA_pos_72	13028	4501	4967	16129	9899	3598	7841	4808	3167	7326	4426	4430	4712
scanmut_insertleft_TTAGCCTGCA_pos_73	10517	6927	7060	3939	4841	7621	3908	4886	8879	8961	5981	1564	2248
scanmut_insertleft_TTAGCCTGCA_pos_74	6019	4830	4357	3893	4413	16033	3808	1664	16927	4504	12847	3129	5607
scanmut_insertleft_TTAGCCTGCA_pos_75	6296	4613	2273	1382	7194	2369	7488	3410	1196	5793	9860	9922	14858
scanmut_insertleft_TTAGCCTGCA_pos_76	7902	6555	10732	6316	12166	7250	1974	5276	4156	14451	2867	3483	17213
scanmut_insertleft_TTAGCCTGCA_pos_77	5065	1217	4912	985	1633	3924	1157	1969	1477	1871	5968	529	1521
scanmut_insertleft_CTGCATTAGC_pos_0	8654	4584	11209	9206	5534	8350	3676	5949	8378	6774	2600	8590	2699
scanmut_insertleft_CTGCATTAGC_pos_1	11873	7090	12601	15182	6453	8982	9986	11684	12481	6505	10205	5703	9867
scanmut_insertleft_CTGCATTAGC_pos_2	7992	11073	7902	11397	5607	10681	21097	9160	12420	17889	4024	6407	8099
scanmut_insertleft_CTGCATTAGC_pos_3	5975	1353	10110	3994	6204	4794	8479	2486	18047	5733	4194	1816	8976
scanmut_insertleft_CTGCATTAGC_pos_4	23199	14839	13542	32273	20388	18225	6550	16371	20593	15918	5827	13309	22238
scanmut_insertleft_CTGCATTAGC_pos_5	15775	13265	28367	12828	5151	7836	48903	25140	13635	21922	18453	10759	13477
scanmut_insertleft_CTGCATTAGC_pos_6	3660	7788	1063	16054	819	88	4082	5010	945	9003	8260	9619	2224
scanmut_insertleft_CTGCATTAGC_pos_7	28784	25446	41938	12686	10628	6356	22570	28909	16992	15092	11141	16430	13239
scanmut_insertleft_CTGCATTAGC_pos_8	23989	15939	7424	21883	13649	12194	1168	47260	31505	52854	13564	16275	8956
scanmut_insertleft_CTGCATTAGC_pos_9	8494	12024	17204	32850	16356	3707	41245	5522	21233	12122	23950	29984	18609
scanmut_insertleft_CTGCATTAGC_pos_10	11473	60758	13093	25495	28376	16708	16961	49573	30540	10617	16115	21239	34519
scanmut_insertleft_CTGCATTAGC_pos_11	12996	31693	60297	18341	59667	14900	20949	12298	24292	12418	30594	16625	21754
scanmut_insertleft_CTGCATTAGC_pos_12	16514	22012	11025	20614	16140	17573	69538	29314	25224	46221	12795	30573	9350
scanmut_insertleft_CTGCATTAGC_pos_13	16016	11112	16569	7489	4648	32233	13761	14648	34421	21628	47916	21762	14702
scanmut_insertleft_CTGCATTAGC_pos_14	20814	11107	35846	13181	11502	9902	6645	15069	4706	14672	16618	16710	11416
scanmut_insertleft_CTGCATTAGC_pos_15	33589	8958	36209	25906	26620	8054	13802	32610	11053	20152	14536	40604	29688
scanmut_insertleft_CTGCATTAGC_pos_16	9854	28664	392	21796	14394	22356	19980	38563	15035	17128	12017	8917	28459
scanmut_insertleft_CTGCATTAGC_pos_17	19196	10229	10815	8156	28923	6261	6935	12898	24191	9336	2706	5130	9892
scanmut_insertleft_CTGCATTAGC_pos_18	2834	3455	4078	6576	1089	5058	8973	16721	6619	4346	1185	6768	1343
scanmut_insertleft_CTGCATTAGC_pos_19	9600	4444	2758	3925	11844	3435	4496	2497	5853	9372	4228	2692	15879
scanmut_insertleft_CTGCATTAGC_pos_20	2542	7922	11248	6404	6359	14891	14472	8014	5877	7624	7126	5624	2960
scanmut_insertleft_CTGCATTAGC_pos_21	8602	16327	9600	4764	17233	4861	6107	2874	7181	4832	7902	4625	6310
scanmut_insertleft_CTGCATTAGC_pos_22	5727	9092	4504	5748	4070	6060	24423	6202	13837	3712	4474	5533	11882
scanmut_insertleft_CTGCATTAGC_pos_23	6925	5035	15529	7216	9125	4771	7865	8652	4690	6802	16283	4349	8942
scanmut_insertleft_CTGCATTAGC_pos_24	2351	6935	1295	4814	7286	4280	5578	4996	1299	3395	2245	4226	4945
scanmut_insertleft_CTGCATTAGC_pos_25	5292	14903	11653	5499	4775	2981	6411	4432	1756	8299	15567	12197	12386
scanmut_insertleft_CTGCATTAGC_pos_26	6709	11165	4242	6828	7077	3874	4899	4165	8351	6538	4162	13783	5954
scanmut_insertleft_CTGCATTAGC_pos_27	7261	6966	4452	2448	4642	7939	6041	3086	11054	1030	12476	8879	4407
scanmut_insertleft_CTGCATTAGC_pos_28	1590	8411	6972	17629	3981	3652	5270	8510	6336	9191	4003	9517	4569
scanmut_insertleft_CTGCATTAGC_pos_29	10654	7011	35113	6921	13377	9609	20400	3059	9108	21310	9875	4438	15106
scanmut_insertleft_CTGCATTAGC_pos_30	3995	5485	2268	5840	13214	8134	5303	10044	11852	6319	8876	10287	1783
scanmut_insertleft_CTGCATTAGC_pos_31	18624	5586	5506	5328	5014	5889	6389	3611	2903	6251	7620	3635	6079
scanmut_insertleft_CTGCATTAGC_pos_32	3263	9171	385	7283	3041	16185	3049	4887	2058	13967	3287	6018	4178
scanmut_insertleft_CTGCATTAGC_pos_33	8362	3115	16807	4542	4693	5896	5867	8357	6366	6144	8376	5417	4602
scanmut_insertleft_CTGCATTAGC_pos_34	2046	5676	2702	3843	3525	6705	2601	3961	3375	5363	6629	9199	2215
scanmut_insertleft_CTGCATTAGC_pos_35	6298	7227	6857	2452	6181	3462	6315	3015	4789	2506	9011	1727	7134
scanmut_insertleft_CTGCATTAGC_pos_36	1324	4183	3345	4820	3569	4348	9884	3686	14294	3758	12261	8691	1877
scanmut_insertleft_CTGCATTAGC_pos_37	12136	9286	5179	5735	17634	1924	9972	3480	8834	4438	9235	0	5558
scanmut_insertleft_CTGCATTAGC_pos_38	5245	6562	6538	6726	4344	13865	5742	7154	1755	6132	6481	14546	1993
scanmut_insertleft_CTGCATTAGC_pos_39	3561	3332	5909	3579	5808	3917	15995	2309	5774	5011	4258	5425	5395
scanmut_insertleft_CTGCATTAGC_pos_40	17238	9274	1359	4884	380	5283	2027	7091	2245	4481	6378	12089	5816
scanmut_insertleft_CTGCATTAGC_pos_41	3551	7946	17789	6946	3624	11600	7453	4532	7575	2801	5573	4139	5092
scanmut_insertleft_CTGCATTAGC_pos_42	3139	8298	3206	5417	1679	6559	6185	4138	2746	4775	4041	4066	7928
scanmut_insertleft_CTGCATTAGC_pos_43	3861	3986	13008	2199	2290	7265	7793	4570	6128	5546	3885	4630	5412
scanmut_insertleft_CTGCATTAGC_pos_44	6477	8532	11441	7368	1488	13679	3981	11089	2903	4834	10066	7522	5814
scanmut_insertleft_CTGCATTAGC_pos_45	4022	12010	7609	5616	7201	15673	5849	7879	5957	4267	11722	7569	8509
scanmut_insertleft_CTGCATTAGC_pos_46	2474	7947	2581	4156	4945	15425	5001	5528	13942	2761	15082	3896	3542
scanmut_insertleft_CTGCATTAGC_pos_47	4697	1905	4912	2145	5973	3509	3659	4580	7514	4169	11258	2866	5321
scanmut_insertleft_CTGCATTAGC_pos_48	2737	6199	9107	7109	6904	11831	2459	4312	8128	6739	1541	15152	2780
scanmut_insertleft_CTGCATTAGC_pos_49	6612	2552	5502	3502	2568	1665	5996	2860	7854	4370	2596	6479	15835
scanmut_insertleft_CTGCATTAGC_pos_50	3030	6343	3052	5149	3449	4317	5463	6264	4014	6173	2284	4182	12929
scanmut_insertleft_CTGCATTAGC_pos_51	5398	3895	2482	2664	3903	3703	5736	2665	8638	7839	5387	8791	3743
scanmut_insertleft_CTGCATTAGC_pos_52	2862	83	2890	6094	2724	4384	4313	2473	4266	6611	3690	6523	7198
scanmut_insertleft_CTGCATTAGC_pos_53	3063	2914	16546	1624	3577	6327	4065	2816	3439	2881	2758	5716	6382
scanmut_insertleft_CTGCATTAGC_pos_54	2076	2879	4607	3423	1985	4588	3287	3410	3192	6009	2973	1745	3486
scanmut_insertleft_CTGCATTAGC_pos_55	3266	9284	7616	4234	11817	7266	4802	2991	4392	1178	3846	5331	4596
scanmut_insertleft_CTGCATTAGC_pos_56	2950	3963	2982	3545	2748	11915	2343	4456	6150	6988	1124	2091	8706
scanmut_insertleft_CTGCATTAGC_pos_57	11996	338	1261	3581	5202	3491	4480	4026	4564	2671	9102	12178	3752
scanmut_insertleft_CTGCATTAGC_pos_58	8898	16942	6992	7852	6472	3949	13906	8913	2450	3903	247	4692	1780
scanmut_insertleft_CTGCATTAGC_pos_59	5361	6807	21003	21639	4976	5886	9442	69	8527	15444	13115	5438	5888
scanmut_insertleft_CTGCATTAGC_pos_60	12461	4685	3300	4654	2694	11930	6673	6448	3179	11457	1542	4971	4768
scanmut_insertleft_CTGCATTAGC_pos_61	8170	10274	4801	3076	4030	2962	13436	2521	13793	9458	1598	5101	17289
scanmut_insertleft_CTGCATTAGC_pos_62	6635	4638	3001	5274	6033	6290	3884	4000	4124	10833	3201	3647	2152
scanmut_insertleft_CTGCATTAGC_pos_63	3597	3441	7021	6240	3161	992	11160	3770	9113	2422	15412	3166	2890
scanmut_insertleft_CTGCATTAGC_pos_64	10642	3195	6190	3539	1875	11830	4351	5464	3357	14353	2440	8225	10598
scanmut_insertleft_CTGCATTAGC_pos_65	2033	3682	2758	5290	2342	4330	8643	4930	11963	3994	2013	18760	5156
scanmut_insertleft_CTGCATTAGC_pos_66	5010	4437	3661	4077	4250	3667	2782	4376	2872	5501	1171	8514	2484
scanmut_insertleft_CTGCATTAGC_pos_67	2559	7115	3023	4143	2985	2288	5403	2962	5092	6143	6865	3966	8897
scanmut_insertleft_CTGCATTAGC_pos_68	5521	4801	6573	4880	4166	5456	6842	6126	6968	4528	1795	9248	3664
scanmut_insertleft_CTGCATTAGC_pos_69	3536	2047	7825	4520	3172	1806	6817	5425	4287	2723	3688	3346	6242
scanmut_insertleft_CTGCATTAGC_pos_70	21564	1959	1	6635	1424	4229	4935	5054	4679	6264	2048	4284	2203
scanmut_insertleft_CTGCATTAGC_pos_71	1960	4312	4176	5223	5211	2733	4273	5903	5139	4227	3744	7181	7118
scanmut_insertleft_CTGCATTAGC_pos_72	1448	1152	4271	10228	8983	6241	3583	3670	7779	5404	3697	6649	3452
scanmut_insertleft_CTGCATTAGC_pos_73	6320	8872	6933	5469	4673	11599	36090	6310	8043	3727	4346	9322	14949
scanmut_insertleft_CTGCATTAGC_pos_74	6019	7925	4912	5952	7541	12577	2676	4495	4169	7850	4961	4298	1584
scanmut_insertleft_CTGCATTAGC_pos_75	5619	5066	7219	11395	6901	9420	3284	20979	3462	7792	12066	1700	7649
scanmut_insertleft_CTGCATTAGC_pos_76	1409	4286	1217	4398	3619	2593	2591	1280	2463	11063	1645	2496	2775
scanmut_insertleft_CTGCATTAGC_pos_77	3234	2186	12427	1790	3557	3396	1459	3627	2519	3171	3670	2803	8854
scanmut_comp_8_pos_28_mod	3293	7217	1689	4093	986	16611	7174	8106	3316	16799	5404	6924	6765
scanmut_comp_8_pos_29_mod	7211	12924	8633	7542	8999	2284	10240	12458	5021	5741	5689	2326	9747
scanmut_comp_8_pos_30_mod	24786	6848	3990	1959	4904	18125	7630	5323	3166	28216	4919	2558	6782