Variant_ID/Tag_ID	1	2	3	4	5	6	7	8	9	10	11	12	13
synCRE_Promega_0	2645	8902	22847	8784	5852	12754	5717	8439	4709	6946	9071	2322	5017
synCRE_Promega_1	16397	11274	28381	3914	15055	5588	7321	12237	17058	4498	9770	3621	19017
synCRE_Promega_2	6253	11267	5769	7977	9811	11922	10965	5569	14478	13620	14092	6939	11297
synCRE_Promega_3	6311	1785	22899	6555	6473	3466	7809	4707	4488	8904	10941	8715	10259
synCRE_Promega_4	2799	8334	13625	12942	1747	5419	10169	13763	12997	5607	11280	7336	3733
scanmut_single_pos_0_A	14802	3882	11134	11248	7811	1648	8167	6087	6685	4250	6288	10219	11506
scanmut_single_pos_0_C	3029	10567	2355	10105	836	5793	862	2377	2778	7791	1088	10953	3730
scanmut_single_pos_0_T	5649	997	4492	148	6356	1478	3700	458	5471	882	385	293	5982
scanmut_single_pos_1_A	10703	16503	5167	17758	5458	15569	6784	28940	5449	16159	4484	4912	8071
scanmut_single_pos_1_G	5271	1971	11052	4973	11976	8776	10097	4803	10496	2066	10340	6796	7187
scanmut_single_pos_2_C	4188	5535	2849	12290	947	5100	2101	9088	2579	13960	3122	6126	3902
scanmut_single_pos_2_G	4287	13645	6357	6825	10575	7040	3280	2873	8748	5893	8951	3813	9239
scanmut_single_pos_2_T	12838	5589	3586	22999	3948	9162	11962	7909	4685	8390	1272	3575	2036
scanmut_single_pos_3_A	10468	7474	20846	6491	13257	4851	8566	15736	14530	5323	7617	5036	8393
scanmut_single_pos_3_G	8562	8382	955	1663	1785	5368	188	6872	3145	3808	1019	13914	3356
scanmut_single_pos_3_T	11082	7418	14361	9489	6198	17521	9478	9729	15864	13077	7847	3709	9297
scanmut_single_pos_4_A	3372	10881	3662	5523	6272	9278	4158	5960	5647	17395	4510	8075	4015
scanmut_single_pos_4_G	8627	8290	7832	5857	9966	7435	8297	2907	14698	8669	2752	4721	8380
scanmut_single_pos_4_T	3533	9608	2356	7193	5158	7196	3443	8421	1566	11724	5369	4186	4067
scanmut_single_pos_5_C	5760	2562	2196	2788	7676	7898	10240	3183	7924	3561	4901	3066	17309
scanmut_single_pos_5_G	3832	4811	1	8990	1789	5472	1431	17142	1291	12028	10818	10052	1989
scanmut_single_pos_5_T	8294	3523	2888	5625	2331	12052	12067	2761	7290	2065	2337	2048	5775
scanmut_single_pos_6_A	16591	11502	4719	9983	2736	5795	7728	10197	3507	5931	4110	16258	9234
scanmut_single_pos_6_C	8919	3561	9466	4306	6949	8363	14020	3163	2543	1954	11071	5570	7370
scanmut_single_pos_6_T	4609	8777	4263	39440	5294	8059	1695	16639	3206	6955	4647	9828	11861
scanmut_single_pos_7_C	3862	181	3687	1040	2597	477	4092	1522	3655	88	3609	488	3553
scanmut_single_pos_7_G	749	3358	2690	3587	1652	5663	3170	6033	1286	11780	2318	16385	1113
scanmut_single_pos_7_T	8212	2595	6543	6031	11278	2993	6122	5712	0	6265	6934	6771	7156
scanmut_single_pos_8_A	6498	13926	26811	8982	3601	13147	12380	8862	3784	7507	3773	25214	4531
scanmut_single_pos_8_G	26870	14832	18183	14946	13971	4690	16980	3915	7733	19200	9687	6177	2587
scanmut_single_pos_8_T	7087	9749	4600	6882	3052	22983	6246	17443	10120	14537	5123	24078	7955
scanmut_single_pos_9_C	4709	4727	3732	4081	5489	9363	5079	6448	5332	7685	6130	3350	5217
scanmut_single_pos_9_G	4347	6071	2159	7056	2977	5488	7940	6510	3540	6359	806	5054	7826
scanmut_single_pos_9_T	4875	5115	9343	4837	5832	5455	11131	4434	8620	3143	5441	6584	8407
scanmut_single_pos_10_A	8534	16201	11119	12596	9305	31318	12733	17390	16094	14381	21297	43405	10593
scanmut_single_pos_10_C	13879	23646	14414	2327	10057	8555	11338	14075	12738	54564	23336	9035	14386
scanmut_single_pos_10_T	27027	15052	10235	15883	19361	19742	39494	13417	11244	43728	21094	21634	31012
scanmut_single_pos_11_A	6875	11821	41797	12312	10434	8034	13050	9688	14033	7927	18336	8184	10079
scanmut_single_pos_11_C	13426	55991	14898	16158	19184	14717	9736	7415	16253	38006	9568	12335	8493
scanmut_single_pos_11_G	8082	4798	10927	6492	4699	33885	8457	11770	7534	7126	31454	22088	7766
scanmut_single_pos_12_A	11380	8496	3718	10464	6118	12740	7542	19393	12975	13395	13045	16572	9378
scanmut_single_pos_12_C	24080	23054	12305	8953	28857	9386	9975	10466	10604	16476	24948	9504	14630
scanmut_single_pos_12_T	9687	8200	12770	33713	8876	18148	12510	14183	9658	9578	32884	7411	27452
scanmut_single_pos_13_C	722	2261	4158	782	5102	1256	6509	782	2333	807	5636	851	3587
scanmut_single_pos_13_G	2380	8131	5026	7960	3204	17783	4064	7429	5829	9755	10648	21056	1106
scanmut_single_pos_13_T	5104	5360	6691	4786	6967	3963	31340	185	6302	4100	21539	18508	9575
scanmut_single_pos_14_A	2031	4783	1656	6848	1014	4704	281	4772	901	6029	782	2991	773
scanmut_single_pos_14_G	13880	7844	8533	3276	14027	10786	21052	3760	5728	3915	23564	2324	10577
scanmut_single_pos_14_T	4328	12077	12774	6028	38531	16264	8279	6951	5353	17674	5044	7508	5170
scanmut_single_pos_15_A	14125	4808	7935	5597	9951	9729	13024	4759	3869	2133	5063	10471	9190
scanmut_single_pos_15_C	6648	7905	6547	5834	8329	2375	5403	8899	13509	6746	3118	13560	3848
scanmut_single_pos_15_T	4666	2810	8085	2178	12574	3337	10125	5017	9471	6098	4812	2185	5012
scanmut_single_pos_16_A	2189	7453	10357	9249	5051	106	3280	6290	19372	165	3444	4748	5752
scanmut_single_pos_16_C	15833	530	4582	6472	4529	1076	8711	4019	15101	2332	5348	8669	5305
scanmut_single_pos_16_G	5322	9377	5838	4953	12412	9142	4466	7661	7897	9995	5989	5465	5753
scanmut_single_pos_17_A	7186	1360	13970	3939	4512	4271	8907	2515	5966	2916	8468	3039	7368
scanmut_single_pos_17_G	614	9065	582	5575	725	2135	1871	7778	1262	5271	1009	8257	1210
scanmut_single_pos_17_T	10153	3771	14911	4121	15242	4150	22454	4822	27831	6016	4884	11622	13185
scanmut_single_pos_18_C	7539	6734	23825	22272	5637	4925	19850	8156	4949	7481	2067	7303	13572
scanmut_single_pos_18_G	6184	11216	10790	4063	36875	4543	5505	4702	4789	12697	5292	4438	9292
scanmut_single_pos_18_T	14895	7231	6972	11552	3057	12396	2851	5352	2720	7112	5862	4755	3536
scanmut_single_pos_19_A	13778	30047	55919	6768	6827	8163	14309	9632	25068	15791	19480	12430	40939
scanmut_single_pos_19_C	3883	16873	7140	9366	5154	17130	8392	15061	8428	12907	22544	11203	7472
scanmut_single_pos_19_T	16722	6926	16178	5905	17652	8413	12492	14307	13843	13274	11360	9540	17085
scanmut_single_pos_20_A	5687	40034	5194	439	7618	8394	11535	26470	13274	21499	8158	13917	11765
scanmut_single_pos_20_G	11202	5124	11418	3383	5910	2726	6129	2085	5473	13398	32546	1127	6441
scanmut_single_pos_20_T	11433	9406	6051	17282	11326	18175	9484	17581	12097	15077	37182	12840	20755
scanmut_single_pos_21_A	6676	1086	7668	742	7192	2243	12263	977	6537	863	5450	4371	1594
scanmut_single_pos_21_C	1529	11794	1256	7001	5691	10605	969	4682	2202	6345	3128	4918	5908
scanmut_single_pos_21_G	2824	169	8073	791	3189	527	7778	602	2808	1450	2958	149	6058
scanmut_single_pos_22_A	12134	22922	12055	14960	16251	33033	23611	16926	5575	19722	9524	14294	32465
scanmut_single_pos_22_C	11294	5929	31378	9699	35617	15701	20133	26757	23740	18440	17968	10943	35596
scanmut_single_pos_22_T	12055	14389	4492	25119	7888	3422	26164	20700	39860	15458	10953	17418	13317
scanmut_single_pos_23_A	10639	6996	21027	2474	12957	5432	17229	7982	17828	20546	13841	12215	54468
scanmut_single_pos_23_G	28255	6243	10349	32810	7448	14332	14813	48511	20385	10527	15040	7334	7822
scanmut_single_pos_23_T	22193	18568	7051	11081	6374	9771	33101	5501	22058	8871	9006	10804	19031
scanmut_single_pos_24_A	16518	22010	36206	22814	6078	27770	9255	15965	14975	20558	8265	33775	15427
scanmut_single_pos_24_G	14692	22121	58937	15796	26978	9797	41241	11346	17250	4688	51517	18040	16097
scanmut_single_pos_24_T	36525	13927	7646	23710	12375	21328	11348	23413	12486	11957	17691	10943	10727
scanmut_single_pos_25_C	11581	3952	13648	20380	20498	8458	15802	13046	11089	3690	13029	3758	17853
scanmut_single_pos_25_G	7089	9256	15107	13488	4574	15176	17378	11238	6796	9993	16103	10712	6105
scanmut_single_pos_25_T	10421	13117	24054	12274	15329	14718	27118	27808	48992	15048	19383	27639	10488
scanmut_single_pos_26_A	17345	12897	14031	27123	12649	5174	23400	19033	15691	27103	16190	40472	16669
scanmut_single_pos_26_C	16203	42223	19609	9324	5223	5788	12876	15944	17516	5596	31028	15261	12383
scanmut_single_pos_26_T	16075	12680	10129	19862	14089	14523	9248	8536	20035	6018	10404	21195	5179
scanmut_single_pos_27_C	6017	3473	7314	3203	4061	3129	6146	1214	7284	5742	7109	2305	5016
scanmut_single_pos_27_G	11597	6854	1535	21451	14541	4920	2868	8618	1584	5077	3491	4781	12636
scanmut_single_pos_27_T	12343	5374	5915	2738	3917	304	4678	243	3884	862	1414	4091	5066
scanmut_single_pos_28_A	3007	4795	1599	7473	5269	9384	5317	6048	4488	3872	3107	8219	1010
scanmut_single_pos_28_C	21689	2143	9718	4621	5621	4253	3013	4003	3795	2040	6456	5227	5086
scanmut_single_pos_28_G	7169	7063	1290	5332	1553	4178	4658	10127	1818	6615	5699	5580	5526
scanmut_single_pos_29_A	9218	3347	6294	9679	8045	20493	14392	13442	3818	2794	9148	4625	11785
scanmut_single_pos_29_G	1787	13302	7260	7617	8109	10358	7622	11749	9191	7063	8258	6306	1286
scanmut_single_pos_29_T	9335	5818	9347	9310	8411	9465	10991	6392	6224	5396	8715	7969	11914
scanmut_single_pos_30_A	25271	7116	394	8010	1343	6857	8814	5107	2548	7497	4760	16753	8944
scanmut_single_pos_30_G	2090	756	4126	1413	2959	733	2728	794	4338	559	3981	584	8688
scanmut_single_pos_30_T	5296	6276	4250	21805	2807	10886	3274	29563	2484	21315	9711	7488	8503
scanmut_single_pos_31_A	9304	4346	23815	6268	11228	8137	6336	8095	4820	10761	6259	4650	8792
scanmut_single_pos_31_G	3543	18470	15166	7514	3018	6880	29847	6584	3506	8275	3957	11374	3237
scanmut_single_pos_31_T	14329	8127	4895	2808	14541	13317	14037	6248	12848	14623	5016	6575	6409
scanmut_single_pos_32_C	3989	10626	4334	6280	7994	9531	2887	6233	5126	359	2432	8650	3112
scanmut_single_pos_32_G	9723	596	7158	6373	5523	1774	3940	741	6403	1063	2000	1600	6994
scanmut_single_pos_32_T	1999	10057	4229	9522	3020	7232	15237	7482	2322	8952	17431	14181	9682
scanmut_single_pos_33_A	8468	11317	4169	1787	7017	12087	15220	4004	7524	3031	7336	3759	9482
scanmut_single_pos_33_C	1968	4648	2784	2412	803	3865	981	7573	3358	5711	850	2631	1025
scanmut_single_pos_33_G	7069	2032	6707	2869	5990	3564	4305	3357	16459	2826	6705	2884	4870
scanmut_single_pos_34_A	8613	12530	17946	0	17860	22321	9012	8108	13021	9901	6206	20920	25001
scanmut_single_pos_34_C	25926	5006	9048	7173	6057	12047	9329	11302	6835	4271	13300	7594	13232
scanmut_single_pos_34_T	27154	11657	5952	2477	8241	12432	28664	57346	21906	14647	15315	25223	19960
scanmut_single_pos_35_A	18892	12915	8561	4590	9561	8604	9519	6935	12443	13216	27357	18480	18584
scanmut_single_pos_35_C	9323	7364	1321	14598	6705	4932	4716	6074	12289	3421	5440	8322	3461
scanmut_single_pos_35_T	21332	5700	8944	9271	11681	7948	8272	12490	9844	4410	17430	1878	5083
scanmut_single_pos_36_A	6783	12960	23567	12166	7523	12832	4633	19586	10406	14682	5286	10960	8308
scanmut_single_pos_36_G	10326	5717	6667	3047	9751	5867	9141	5268	9452	10479	11079	3939	10580
scanmut_single_pos_36_T	8116	12706	8154	12956	16896	10421	2883	7877	1	5781	13077	34429	15962
scanmut_single_pos_37_A	7460	6620	12159	3769	6852	3701	0	368	7498	2947	7326	5765	11345
scanmut_single_pos_37_G	2000	3700	2133	6169	3748	4259	2200	10767	3475	8770	2964	11265	3108
scanmut_single_pos_37_T	13674	5212	7885	3742	7791	4173	592	3723	6460	8353	6341	2	5096
scanmut_single_pos_38_A	2396	3397	4718	6477	7464	6223	3688	7606	1749	5312	2986	12060	2334
scanmut_single_pos_38_C	8237	8393	11766	2881	6945	2212	8846	3576	7948	11001	10998	2809	6483
scanmut_single_pos_38_T	1058	5941	12459	6967	3289	4148	4037	7597	6976	5263	2258	8738	2594
scanmut_single_pos_39_A	20765	2715	6585	677	7041	3151	12244	3691	4695	3877	4081	5741	220
scanmut_single_pos_39_C	7256	5395	4344	6421	3278	3273	4002	8917	1681	3944	2783	11610	6139
scanmut_single_pos_39_G	10988	3981	11473	1677	7984	700	4582	2516	4952	1269	5938	3533	6851
scanmut_single_pos_40_A	6756	7468	1271	6859	1531	5457	4966	3581	4682	7270	7419	16571	10132
scanmut_single_pos_40_G	7984	1810	5611	6279	7589	99	6591	11887	4056	2910	8739	3938	5599
scanmut_single_pos_40_T	2955	9737	6992	5409	3334	6291	1317	14368	2418	7422	3148	6064	888
scanmut_single_pos_41_C	9360	2274	7740	3196	15887	2981	3134	3102	6507	3110	10373	2729	5014
scanmut_single_pos_41_G	2900	4777	1014	6936	3813	5221	3307	5126	2579	5867	3357	3201	4522
scanmut_single_pos_41_T	11953	2495	6201	2633	1710	1314	14594	3630	6757	3383	2799	3469	5969
scanmut_single_pos_42_A	1939	3464	2982	6189	4108	2406	3355	6262	4187	7752	1503	7225	6199
scanmut_single_pos_42_C	6071	6308	6808	2438	11414	4043	8114	9678	18984	1945	18149	6377	15880
scanmut_single_pos_42_G	16486	4429	8161	6948	4661	5467	6508	15604	12387	7250	3921	8515	4623
scanmut_single_pos_43_C	9469	15383	9860	5421	9116	961	5289	7769	6934	3348	11781	4286	8318
scanmut_single_pos_43_G	11143	8218	4311	7377	8074	14699	4541	14906	9285	10170	9875	10309	2790
scanmut_single_pos_43_T	7097	9242	22307	7442	4221	7402	6600	5747	9691	3156	10233	9819	14803
scanmut_single_pos_44_A	22466	6953	5261	19457	3813	7667	240	3296	5266	8522	4841	18430	5062
scanmut_single_pos_44_G	10918	3181	8089	5249	19387	11306	12119	1654	8745	726	7343	6570	10494
scanmut_single_pos_44_T	4294	15751	4544	14692	757	7924	2927	9626	9993	6681	9179	16454	14026
scanmut_single_pos_45_A	7646	11044	8368	9061	7007	15731	2088	17843	2	5166	28125	7796	13107
scanmut_single_pos_45_C	4136	6863	9965	5324	2635	4236	7840	4723	3858	9365	64	7714	922
scanmut_single_pos_45_G	7952	5384	10654	3852	7330	4329	3315	4284	16218	2235	16481	3972	16541
scanmut_single_pos_46_A	5323	14323	2792	5818	6768	3991	5558	6368	4021	5821	9452	13596	5481
scanmut_single_pos_46_C	7685	4324	8650	13843	26065	3750	20289	4712	11435	6694	9366	2905	30987
scanmut_single_pos_46_T	6135	24023	10971	10225	16793	21130	2432	8823	3620	5910	13727	3280	2404
scanmut_single_pos_47_A	8130	6124	5510	1729	3794	4822	8082	4980	17764	5730	4764	8932	10537
scanmut_single_pos_47_C	7159	4808	9522	9833	11827	6930	2926	5400	6351	6693	3006	4248	2761
scanmut_single_pos_47_G	6282	1883	16223	4927	12330	2128	6454	4099	5420	4411	12438	8288	9288
scanmut_single_pos_48_A	1271	12862	0	4786	2738	9390	2378	5976	7379	2713	13342	10577	5482
scanmut_single_pos_48_C	10191	3673	3583	9495	4284	1356	7465	5609	6522	1864	4044	1728	7130
scanmut_single_pos_48_T	1825	9624	3482	4524	1170	9976	2722	6759	2002	7808	4289	4437	9777
scanmut_single_pos_49_C	6659	1369	206	4532	11119	3416	3317	3597	9158	2477	10489	6545	4590
scanmut_single_pos_49_G	3445	10389	1622	6210	3647	9240	7015	14051	4471	11252	5587	9725	1153
scanmut_single_pos_49_T	8774	3790	15187	2122	3161	4541	2502	3267	6288	1387	11909	2590	6361
scanmut_single_pos_50_A	5169	5044	2835	3713	5286	6626	2049	7950	3126	5314	1679	6253	1488
scanmut_single_pos_50_G	5483	4372	15134	1535	11300	1236	6940	1805	6792	2053	5180	1809	1
scanmut_single_pos_50_T	9249	4990	6083	7046	4069	19618	3533	8352	3119	8585	2464	16987	12028
scanmut_single_pos_51_A	4337	1973	6976	1572	5441	3179	6244	1234	13096	1516	5283	2285	13182
scanmut_single_pos_51_C	1513	5804	2555	4946	3540	3472	828	6518	2054	4494	5435	6763	1703
scanmut_single_pos_51_T	4868	2474	4061	1534	11786	4150	12388	2536	7036	3181	3737	2104	6198
scanmut_single_pos_52_A	3001	6105	7539	7993	2047	13143	3077	8001	6945	0	5903	9952	3879
scanmut_single_pos_52_C	9198	6534	28345	7677	5543	3400	7917	4045	2744	17152	12632	1435	9097
scanmut_single_pos_52_G	5109	9343	5331	10997	3048	8011	4432	6020	4116	3918	6906	6251	3917
scanmut_single_pos_53_A	7931	4109	13298	1577	5857	2458	8714	2363	5806	6814	7079	362	11140
scanmut_single_pos_53_G	1657	6467	3617	8791	8849	28283	3127	7887	4679	7191	5371	8575	4624
scanmut_single_pos_53_T	20357	4435	7430	4773	8932	4102	7019	8160	3987	4846	8659	3390	9912
scanmut_single_pos_54_A	3019	3830	3658	9119	2475	5287	6423	6862	3416	6020	6443	1	4941
scanmut_single_pos_54_C	5070	8633	5936	3899	8884	3968	4615	1846	31100	6423	15029	973	16057
scanmut_single_pos_54_G	10332	14494	945	820	2640	18246	5000	13236	2146	4141	1489	8801	3926
scanmut_single_pos_55_A	15034	10316	11339	6512	17562	3543	7518	2192	25254	8310	10544	10083	7145
scanmut_single_pos_55_C	6390	5993	6991	5681	0	6181	3142	12967	3345	10851	8432	3656	680
scanmut_single_pos_55_G	11839	5019	16158	3307	8911	11609	7296	3888	2345	3083	3803	11523	7001
scanmut_single_pos_56_A	2965	5689	4466	4808	8772	3832	4513	6353	2663	6912	3331	14146	1807
scanmut_single_pos_56_C	9583	2754	9691	1055	4775	2188	12154	7451	4010	5429	14440	812	4993
scanmut_single_pos_56_G	2686	7005	3051	8831	6714	3351	2533	5854	11743	4942	6511	5151	4556
scanmut_single_pos_57_A	14732	10756	11219	5297	7215	7052	14306	3738	5976	4529	13879	3807	24547
scanmut_single_pos_57_G	5940	10287	6057	5244	5642	6492	5635	9825	12431	9323	16612	9216	4723
scanmut_single_pos_57_T	21672	23772	9029	5088	12092	7403	12290	6053	9285	7332	9320	11392	16446
scanmut_single_pos_58_C	2024	5256	4733	6663	617	15436	11343	4504	4767	9249	4203	9863	1868
scanmut_single_pos_58_G	7840	4586	7207	3364	5953	4815	6858	2890	9372	2218	7636	15229	6962
scanmut_single_pos_58_T	9588	10934	19047	15630	4547	12043	6113	9145	14368	12618	11466	9884	6143
scanmut_single_pos_59_A	7371	3403	7657	3664	28598	7789	10040	8812	28881	2359	8109	10514	12819
scanmut_single_pos_59_C	12035	4755	2962	920	12994	22951	7560	8330	14512	10835	4239	35460	7888
scanmut_single_pos_59_T	9720	4960	7374	10738	9084	7725	28096	5569	5333	10248	6786	25429	16438
scanmut_single_pos_60_C	5008	9203	625	4408	4103	4753	5622	9622	6009	3725	6577	6298	6516
scanmut_single_pos_60_G	7167	3396	3713	4112	11822	1078	5747	1840	7525	3099	10191	2731	6753
scanmut_single_pos_60_T	4346	8058	4943	9676	5311	16985	10303	8409	5848	2011	3418	9963	5016
scanmut_single_pos_61_A	9254	8763	7493	11543	1053	2063	8509	8693	8443	1558	18078	12737	10634
scanmut_single_pos_61_G	5199	14813	2855	24758	5111	7100	17183	6552	7118	8332	5924	6888	4792
scanmut_single_pos_61_T	12171	1068	7522	5455	5730	4149	6876	3395	7770	4567	6339	19486	7917
scanmut_single_pos_62_C	4545	5576	7771	18177	6872	8077	16927	11289	32235	5616	8493	18310	7295
scanmut_single_pos_62_G	12763	13065	16801	2756	8207	12500	33015	10081	8149	6756	13422	4783	11200
scanmut_single_pos_62_T	3092	10493	16861	6510	7503	6988	5891	11502	10556	11375	5763	9281	9508
scanmut_single_pos_63_A	14542	8692	14681	10225	19226	8050	12883	4734	10850	9170	6149	34916	23101
scanmut_single_pos_63_G	13492	20007	24788	8583	7118	32571	8361	36810	8258	6680	6772	7	25385
scanmut_single_pos_63_T	13382	11745	33212	30231	9517	19466	12366	20096	13585	13173	20579	25266	19619
scanmut_single_pos_64_A	9580	10954	25658	23301	18518	8137	3002	10779	5145	12137	9420	23218	6420
scanmut_single_pos_64_G	11194	14802	10793	4759	14184	12367	18053	6392	15890	17624	9045	7028	11117
scanmut_single_pos_64_T	4040	10026	6317	10982	4676	13143	9337	15336	6837	8713	3474	13641	11262
scanmut_single_pos_65_A	19546	9999	16543	10010	2023	3026	8787	4863	9516	13653	12984	3150	8502
scanmut_single_pos_65_G	3993	9260	8790	8026	10474	342	13468	10970	3957	12652	3147	15737	5962
scanmut_single_pos_65_T	7138	2969	12465	15513	5721	3860	14667	3778	11465	2798	10865	3891	7290
scanmut_single_pos_66_A	10315	12557	15435	13810	0	12045	20214	31044	10176	13586	8743	8743	8690
scanmut_single_pos_66_G	10393	9258	16118	6193	13414	3873	10353	3966	5641	10433	11601	11536	28803
scanmut_single_pos_66_T	7307	6697	21658	8446	28967	8623	17487	7530	5433	12551	2630	14378	6534
scanmut_single_pos_67_C	6710	1521	4229	2453	16786	3716	5109	4674	4804	1818	6679	3167	14319
scanmut_single_pos_67_G	1952	4911	5458	5541	10283	7560	2963	4932	11099	6070	6910	3847	5099
scanmut_single_pos_67_T	19532	6636	4590	3915	4004	3204	7410	5220	5777	6867	5226	4534	8866
scanmut_single_pos_68_A	2803	7731	447	13366	13412	4598	2227	11028	1519	14426	3546	6279	2390
scanmut_single_pos_68_C	5564	9972	5232	4064	6329	5535	12348	4726	8875	2170	7397	4543	6266
scanmut_single_pos_68_G	3282	11429	6728	6989	13617	7824	2322	5928	4896	4201	3455	3049	2541
scanmut_single_pos_69_A	5934	2584	13010	3427	4766	5865	10651	4414	4057	2321	5439	2176	6646
scanmut_single_pos_69_C	4582	7046	4022	4727	1511	4315	1715	6896	3336	5397	977	7623	3384
scanmut_single_pos_69_G	5269	3555	4932	551	3844	1397	6780	5110	16291	719	4037	1160	5011
scanmut_single_pos_70_A	7441	7441	4070	4136	1763	6578	2662	7804	1828	1639	5365	4631	1640
scanmut_single_pos_70_C	4334	2660	3511	4874	8092	9183	3672	0	9579	2305	8664	3626	4716
scanmut_single_pos_70_T	3264	3566	1209	3702	3633	3895	3537	11241	5626	5163	2117	16245	7337
scanmut_single_pos_71_C	9297	1423	9406	7618	7119	777	2354	3992	2566	4459	3158	5391	2960
scanmut_single_pos_71_G	7604	4069	4992	4874	2029	5319	2973	1376	3061	12711	2941	7730	1165
scanmut_single_pos_71_T	3658	4673	6470	4535	2365	1795	1376	7492	4935	2089	4744	1735	3973
scanmut_single_pos_72_A	1457	3225	1060	3149	2822	2609	2726	1694	850	2839	504	13274	2522
scanmut_single_pos_72_G	3178	5334	2873	1061	5101	2394	3780	1978	3945	2926	3790	1012	8483
scanmut_single_pos_72_T	1283	9160	1849	3714	4751	2906	4243	4511	577	5074	4276	5766	244
scanmut_single_pos_73_A	5631	2220	3792	3984	3461	2752	7612	5109	9496	2233	6389	2531	7547
scanmut_single_pos_73_C	1919	3386	3855	3657	1286	7878	2977	3052	1811	3770	1152	6513	751
scanmut_single_pos_73_T	5542	637	3543	2423	3931	2639	4457	5045	7627	1530	1740	98	3814
scanmut_single_pos_74_A	8339	4959	2034	5184	2263	6588	545	4382	1394	7503	2762	7280	5934
scanmut_single_pos_74_C	7372	3858	4570	1143	3423	860	3962	2503	3574	2611	4686	5612	6991
scanmut_single_pos_74_G	1855	5214	6226	3330	1609	6806	836	3028	3673	5013	5996	3542	4921
scanmut_single_pos_75_A	6300	175	3996	4714	6942	3894	6403	4275	6811	3966	7315	3769	7858
scanmut_single_pos_75_G	1836	3634	3774	3856	1599	6366	1826	5673	2246	6382	2030	6057	1787
scanmut_single_pos_75_T	5853	2918	5818	3300	3903	8178	8617	1657	13264	1483	3971	4975	4775
scanmut_single_pos_76_C	8062	6260	5283	13660	847	4730	194	4994	2040	9494	9280	7017	18977
scanmut_single_pos_76_G	9168	2196	6506	613	6095	300	7711	1107	1870	2046	2229	3382	2820
scanmut_single_pos_76_T	1478	4608	3876	4496	2915	2271	2072	8304	7566	5805	4286	14763	3090
scanmut_single_pos_77_C	13368	4274	3935	3119	3265	4597	4409	2509	5123	1770	6232	2128	5447
scanmut_single_pos_77_G	2555	6885	1539	12024	2664	10027	4926	2439	5880	9038	6809	2340	3694
scanmut_single_pos_77_T	6991	953	3414	3912	5057	2490	6876	4836	3854	4143	10092	2535	4240
scanmut_single_pos_78_A	4149	9687	4506	4376	3360	10363	19	5595	2700	11602	511	8645	13713
scanmut_single_pos_78_C	5460	2809	4303	4371	7462	866	3334	1847	3246	1776	5413	19298	5447
scanmut_single_pos_78_G	2687	6910	6613	3951	1419	5968	2666	7367	2080	3563	3108	5832	773
scanmut_single_pos_79_A	4449	753	8731	3796	5105	4127	21143	14298	11289	4121	9976	2491	5907
scanmut_single_pos_79_C	9492	6212	12410	6000	5231	8803	4460	14530	7188	11096	6649	6561	3544
scanmut_single_pos_79_T	6808	9116	7295	2869	6256	7463	10524	5215	7266	13476	7226	3299	21461
scanmut_single_pos_80_A	5781	4890	3522	6583	10778	8702	5446	8922	4959	6447	5569	5670	2002
scanmut_single_pos_80_C	8183	3126	0	3031	8155	14640	9290	5190	18185	4362	6311	4563	10040
scanmut_single_pos_80_T	8110	6057	12451	5568	3284	7134	14505	10403	4259	6981	7434	7807	5281
scanmut_single_pos_81_A	22471	2610	9770	5042	9897	7340	6928	6671	6331	99	3712	2535	6946
scanmut_single_pos_81_C	8214	23668	6426	8200	14898	11002	17841	5321	7033	6023	9255	5890	109
scanmut_single_pos_81_T	6780	4406	5591	3070	19276	4011	9529	3440	9265	1533	5449	2816	14661
scanmut_single_pos_82_C	3345	7580	392	15753	7111	7259	14907	7034	3708	2728	3380	12764	7915
scanmut_single_pos_82_G	7626	4971	6963	3885	6836	11413	6038	143	9792	6837	18250	8298	22278
scanmut_single_pos_82_T	3615	4969	7985	8395	3626	7558	4343	5728	816	7134	7272	5849	13353
scanmut_single_pos_83_A	18898	9229	7884	10730	21664	21899	7814	11884	13866	11573	11969	14384	9170
scanmut_single_pos_83_C	4329	7033	3722	10034	1906	8929	8692	17077	4183	16332	4291	17241	6799
scanmut_single_pos_83_T	26116	20311	6715	34015	9000	5189	4061	5801	11369	1457	9305	0	31131
scanmut_single_pos_84_C	8037	4806	7369	7370	18838	12026	8175	6715	4336	14463	7572	11611	20339
scanmut_single_pos_84_G	22501	1507	10270	5607	46232	5293	27295	26140	27499	12704	16391	12672	11485
scanmut_single_pos_84_T	3416	8928	1774	13385	5171	1901	1509	23613	18510	12331	5225	8143	5898
scanmut_single_pos_85_C	6477	3230	5972	6630	3239	3756	1673	8325	3377	1753	4572	4598	6549
scanmut_single_pos_85_G	1012	2832	3094	5380	2111	8385	10537	3999	2891	12122	3485	6528	1993
scanmut_single_pos_85_T	9977	3156	5769	7098	8462	9550	6215	3948	12981	3594	9801	2883	9541
scanmut_single_pos_86_A	3631	2229	4485	7970	2066	9339	1810	7036	1520	2132	2789	6910	1462
scanmut_single_pos_86_G	5446	2487	6302	3890	6091	1759	14274	5944	8604	15591	6902	5105	6746
scanmut_single_pos_86_T	18437	13956	5303	15888	9031	25641	3722	14306	8777	6326	3121	4547	10831
scanmut_comp_8_pos_0	2296	1923	5816	1054	7078	1334	3722	1998	8087	2963	6552	3030	5200
scanmut_comp_8_pos_1	5993	7170	21591	34018	4457	9695	18225	8389	5500	14402	12585	25190	9774
scanmut_comp_8_pos_2	5525	6285	13433	5443	8059	11754	16372	17483	6635	12948	8202	11306	5438
scanmut_comp_8_pos_3	4039	7787	3223	7928	2605	19664	4657	8039	6148	8083	5152	3870	7014
scanmut_comp_8_pos_4	27137	3391	9340	3441	17581	6150	6499	4669	22880	4944	16757	2916	6271
scanmut_comp_8_pos_5	10343	10841	17857	14745	30301	5657	6779	9611	19550	16629	8426	15616	11086
scanmut_comp_8_pos_6	21205	16834	8802	12333	5904	6248	10592	9579	6035	7926	5265	6092	10412
scanmut_comp_8_pos_7	7683	13531	6242	9216	3056	5519	10675	3940	7856	8041	5368	10375	2866
scanmut_comp_8_pos_8	7769	2114	4438	1930	5336	3017	7443	1037	4077	3559	5979	1619	4292
scanmut_comp_8_pos_9	4528	11612	4637	13237	16120	10538	12948	8291	4744	9830	3965	7577	13804
scanmut_comp_8_pos_10	6246	29487	21187	7600	12828	5768	11149	3456	15454	14228	6681	6859	10214
scanmut_comp_8_pos_11	10449	7074	11582	29123	10699	17078	8019	8052	8870	12716	3746	17238	18842
scanmut_comp_8_pos_12	9704	13280	13414	15407	10507	9173	19072	7936	20371	11524	19332	24231	18483
scanmut_comp_8_pos_13	3726	5442	3409	9478	6641	6820	18496	14419	2265	23576	4323	4971	5877
scanmut_comp_8_pos_14	7370	4968	8969	11252	6877	6986	9289	2511	3613	3210	9345	4125	9899
scanmut_comp_8_pos_15	15861	20962	3832	8575	4837	6030	5697	20386	9216	14541	2472	8014	3704
scanmut_comp_8_pos_16	11975	19354	39550	3521	21799	19132	13501	31286	32294	6198	14519	21596	38380
scanmut_comp_8_pos_17	26460	17090	9388	6685	14133	35673	4823	15166	21720	21617	5819	10661	4702
scanmut_comp_8_pos_18	18847	12250	9818	16548	14385	18022	15431	9960	7883	10341	25018	3127	18700
scanmut_comp_8_pos_19	6825	13772	13800	19057	9310	11384	27497	33712	16844	10799	14557	22840	7323
scanmut_comp_8_pos_20	9877	5169	16590	13656	14744	5182	17640	6707	12459	11165	9631	11213	7101
scanmut_comp_8_pos_21	6871	15537	39284	31611	11041	17036	13823	32489	20003	40849	11843	17009	21026
scanmut_comp_8_pos_22	35958	26172	17499	24841	70514	12826	17538	16185	17428	8784	54842	53571	43764
scanmut_comp_8_pos_23	15099	15379	4633	29149	7772	16667	5901	10021	11127	23587	19814	40917	5119
scanmut_comp_8_pos_24	12894	2278	16356	10746	23365	13222	18826	16151	24896	27183	9892	8126	23431
scanmut_comp_8_pos_25	7575	26026	35619	18679	7914	13849	15671	41609	7267	27000	15907	53722	13874
scanmut_comp_8_pos_26	37865	6686	10151	3308	26767	13776	13793	7953	12196	10929	6068	5418	7247
scanmut_comp_8_pos_27	760	7548	3363	4513	117	6491	1259	6319	668	5614	1525	5086	1206
scanmut_comp_8_pos_31	6768	4246	7856	2896	7441	6084	7896	2220	5077	14615	7704	8851	4893
scanmut_comp_8_pos_32	11587	3708	2150	1829	11035	7185	1885	5820	7430	9375	7625	2833	2954
scanmut_comp_8_pos_33	7815	1505	8408	1785	8941	2674	5631	1073	2363	1101	8160	1351	4021
scanmut_comp_8_pos_34	1538	9460	12228	8501	3174	7275	3889	10554	4136	15532	5874	6987	14896
scanmut_comp_8_pos_35	4383	2714	3432	907	8674	4457	4217	2345	9080	1443	9421	707	5151
scanmut_comp_8_pos_36	2255	9438	1104	10163	1323	3443	1704	6944	2606	19636	2326	6439	858
scanmut_comp_8_pos_37	7438	9069	9390	4	10847	12207	14320	4421	5053	3513	3288	3906	7436
scanmut_comp_8_pos_38	5421	10095	971	2639	2107	4641	803	4021	788	4727	2468	7561	6115
scanmut_comp_8_pos_39	5487	2931	7987	2389	11405	3576	14091	2658	11500	3290	1901	1585	7479
scanmut_comp_8_pos_40	2726	3329	2214	5207	4532	8825	1336	8382	612	8672	1509	3823	2262
scanmut_comp_8_pos_41	5025	3555	4201	1670	6021	1560	4593	2306	3786	2750	5634	3131	5957
scanmut_comp_8_pos_42	3276	11917	3186	11462	4261	6209	3	18675	3600	5913	3163	347	8786
scanmut_comp_8_pos_43	2741	984	5122	5070	8188	1644	3451	2008	3465	3948	10523	2414	4515
scanmut_comp_8_pos_44	1024	9926	1924	3474	1265	3477	1116	6511	383	4187	1573	4521	1454
scanmut_comp_8_pos_45	5417	8146	5939	1807	4609	1743	2609	2594	5446	5256	7224	4337	3397
scanmut_comp_8_pos_46	4545	8608	993	5921	4488	3398	2770	3693	1896	2750	1140	3433	3853
scanmut_comp_8_pos_47	3506	2732	8250	4890	5024	5291	6056	2348	4931	1735	5756	1049	12133
scanmut_comp_8_pos_48	9158	7468	3926	9048	1373	4114	8473	7288	2865	935	4850	4082	2075
scanmut_comp_8_pos_49	4598	1460	4966	898	4483	1132	11763	1388	7685	2514	8813	2259	381
scanmut_comp_8_pos_50	7095	6670	2943	4047	1849	13129	660	4962	2453	11037	3994	5875	905
scanmut_comp_8_pos_51	2647	5909	7119	1342	4857	910	5368	833	8686	2955	7816	4162	3624
scanmut_comp_8_pos_52	4585	8689	10378	14935	12061	7413	3573	14702	5833	13335	7046	20193	1
scanmut_comp_8_pos_53	10382	7607	12230	5497	5477	1020	7483	4731	6724	7363	5849	1218	8011
scanmut_comp_8_pos_54	1458	16984	11373	10863	5088	6924	5592	7938	13951	14560	13822	8491	2743
scanmut_comp_8_pos_55	11972	2846	12030	9201	13911	5554	9058	13210	8408	6253	6175	9567	6491
scanmut_comp_8_pos_56	5994	11228	4063	3218	2343	7588	6541	6803	5818	5862	3315	8750	619
scanmut_comp_8_pos_57	5583	11063	7836	4156	2891	5371	5414	6105	6591	4024	9604	3582	7117
scanmut_comp_8_pos_58	8542	6547	4094	10816	6385	6316	19298	5003	1125	8996	2670	6329	4814
scanmut_comp_8_pos_59	8007	2619	26594	4685	7833	1431	26588	7466	10024	3600	26832	15409	12752
scanmut_comp_8_pos_60	964	9798	2194	8535	9112	7760	4475	9001	290	5079	3884	6307	744
scanmut_comp_8_pos_61	4953	890	2813	2244	5939	695	5579	790	3538	1668	4748	676	4120
scanmut_comp_8_pos_62	2469	12545	3234	19534	4090	7300	8142	8239	1528	6160	8152	3718	1795
scanmut_comp_8_pos_63	8259	1790	4532	1320	4533	1325	4409	1289	5318	1312	3977	2181	13679
scanmut_comp_8_pos_64	5530	2697	1106	3252	448	5027	1615	5342	5527	4428	1408	2632	1167
scanmut_comp_8_pos_65	2671	799	2309	387	1547	1771	2932	937	2461	1040	1859	869	4363
scanmut_comp_8_pos_66	3798	2647	4420	4040	1175	2894	788	2314	2285	2623	1484	1858	1654
scanmut_comp_8_pos_67	2086	148	2682	331	2339	1265	5664	360	2511	2166	1615	1190	4378
scanmut_comp_8_pos_68	264	3573	1089	966	823	3016	689	1540	768	2159	2239	1092	127
scanmut_comp_8_pos_69	2414	2889	6196	1156	2107	7	1796	1100	2346	2501	4046	1614	2573
scanmut_comp_8_pos_70	1086	3146	910	1804	495	1277	526	2791	525	1275	1170	1484	5815
scanmut_comp_8_pos_71	2639	2066	4006	1715	2297	748	1575	5234	6867	371	1113	773	3691
scanmut_comp_8_pos_72	0	8084	15	7728	2235	3415	391	9843	2705	3241	2282	5559	2899
scanmut_comp_8_pos_73	547	449	1750	302	1503	1065	995	1716	1950	787	1748	1147	1693
scanmut_comp_8_pos_74	1639	1592	871	2009	849	995	703	2588	2065	5004	530	2645	2931
scanmut_comp_8_pos_75	1799	2354	1412	1956	2283	3164	1860	1123	2705	1018	992	1344	1633
scanmut_comp_8_pos_76	1246	1477	102	1787	3733	2331	1149	3859	5775	1997	1096	1655	1126
scanmut_comp_8_pos_77	1324	1817	4636	850	3041	5282	2054	1088	1877	1323	681	1330	2064
scanmut_comp_8_pos_78	909	2247	2583	1828	3580	1870	1248	1637	1228	105	1268	1168	6543
scanmut_comp_8_pos_79	1476	4660	2134	4228	4669	8787	1620	1151	4146	1938	3683	1937	4773
scanmut_nocomptransv_8_pos_0	2360	5123	2978	18886	4919	4827	3373	14243	1864	16434	2427	12285	2657
scanmut_nocomptransv_8_pos_1	27879	19404	15879	18570	22361	35813	16571	13649	17389	7137	35402	12975	16357
scanmut_nocomptransv_8_pos_2	2962	5546	2809	9032	867	6720	1782	4696	4939	7276	4950	4274	1133
scanmut_nocomptransv_8_pos_3	31994	28120	19753	33706	23224	29776	31663	7810	14896	35177	31550	5736	29328
scanmut_nocomptransv_8_pos_4	42625	9501	7671	8554	6804	14407	18063	22914	8063	24246	8114	12863	4893
scanmut_nocomptransv_8_pos_5	5468	15290	7959	31028	8676	35627	11085	11473	12941	12374	19465	17412	9480
scanmut_nocomptransv_8_pos_6	7698	10899	15002	6912	6620	5723	12363	25457	5922	5649	5187	8045	7942
scanmut_nocomptransv_8_pos_7	6768	2113	8119	2062	14426	5278	11265	7103	6007	3012	5518	1727	5659
scanmut_nocomptransv_8_pos_8	9113	8289	5395	10642	7715	11016	7684	7027	16709	3344	20051	7968	31405
scanmut_nocomptransv_8_pos_9	7214	3081	8073	3654	7082	3778	2964	11700	12192	9056	17118	13859	17271
scanmut_nocomptransv_8_pos_10	22	14451	697	5820	197	5917	292	7940	1176	9742	438	9406	1940
scanmut_nocomptransv_8_pos_11	17784	22180	21128	17653	1397	11333	33298	28654	31375	33531	12608	18730	37362
scanmut_nocomptransv_8_pos_12	16124	15239	19481	25411	15173	19588	8005	46140	17044	3214	11479	16132	7845
scanmut_nocomptransv_8_pos_13	16911	5990	18831	10907	18518	18603	11271	14433	19996	10299	21051	10645	31006
scanmut_nocomptransv_8_pos_14	3423	11332	5801	12171	5506	10630	4631	26332	658	10110	3494	15274	7380
scanmut_nocomptransv_8_pos_15	6644	20311	8292	7875	9565	6349	5756	11269	29688	5201	3831	16761	27412
scanmut_nocomptransv_8_pos_16	2111	40886	6988	18678	7027	14851	7341	12533	4206	19744	14275	16963	10188
scanmut_nocomptransv_8_pos_17	31483	18206	57584	16383	61860	30982	22020	14224	29625	19757	22518	9193	72323
scanmut_nocomptransv_8_pos_18	29207	35648	11582	17310	10692	21176	37478	10079	11216	28310	1	12940	9271
scanmut_nocomptransv_8_pos_19	3658	8537	17778	15081	25821	20979	11597	6153	31928	9063	12922	18257	12857
scanmut_nocomptransv_8_pos_20	8217	11934	22099	13609	29603	12457	8697	19554	8277	16603	8846	14273	15064
scanmut_nocomptransv_8_pos_21	18627	63707	21420	24409	3785	9196	14010	29013	41350	18000	14692	6017	24501
scanmut_nocomptransv_8_pos_22	16819	23149	10906	15625	5811	19251	9971	37419	35067	28122	12604	18361	9432
scanmut_nocomptransv_8_pos_23	19287	9407	31255	21799	14106	28482	29314	11191	12114	10390	5300	10385	11298
scanmut_nocomptransv_8_pos_24	6802	29433	32777	15463	10947	16729	5541	18006	14135	18618	35164	35025	17323
scanmut_nocomptransv_8_pos_25	10991	9372	14940	2025	7110	5153	11010	3632	6114	3952	3634	4294	9195
scanmut_nocomptransv_8_pos_26	1758	6820	491	3261	433	546	913	2404	308	5483	787	3413	476
scanmut_nocomptransv_8_pos_27	7713	1018	3904	695	3479	28	4341	247	3161	662	5182	334	1790
scanmut_nocomptransv_8_pos_28	736	3711	366	6307	494	3562	368	5023	1115	3520	805	2058	2705
scanmut_nocomptransv_8_pos_29	0	1518	6409	5753	13370	3025	16794	7041	15148	14346	9979	4168	10218
scanmut_nocomptransv_8_pos_30	1432	9282	870	8419	5054	7865	1771	5630	1712	8817	2318	7164	7657
scanmut_nocomptransv_8_pos_31	9936	11586	14576	9701	11522	5250	9344	18402	7064	6920	8475	8572	10245
scanmut_nocomptransv_8_pos_32	673	0	1730	3024	3281	4506	997	8830	2154	5696	1085	5696	1358
scanmut_nocomptransv_8_pos_33	8036	3664	11217	4342	15055	4089	8484	2514	11204	12079	11864	3742	7285
scanmut_nocomptransv_8_pos_34	17880	16495	5838	9103	3361	19117	29209	6790	2813	11189	11353	11854	10480
scanmut_nocomptransv_8_pos_35	5759	3973	9853	4559	5504	12730	12748	1736	10003	9079	10031	9828	18180
scanmut_nocomptransv_8_pos_36	9272	5911	4060	4119	1032	6055	4221	5724	8951	12673	15920	12961	7712
scanmut_nocomptransv_8_pos_37	4949	18367	13252	4260	10398	7060	28004	13678	7943	4398	20642	4132	9013
scanmut_nocomptransv_8_pos_38	2418	7262	4947	7125	3166	9488	10406	9795	6207	5463	4641	8831	4684
scanmut_nocomptransv_8_pos_39	6158	1287	6460	726	4181	6550	4143	1850	12201	2177	7487	1609	5733
scanmut_nocomptransv_8_pos_40	569	5538	1524	662	827	4868	1187	5157	955	4480	1051	6771	5652
scanmut_nocomptransv_8_pos_41	8229	4273	2258	2620	5415	3721	3575	4359	4080	1905	2226	2753	5781
scanmut_nocomptransv_8_pos_42	1947	12434	1207	5894	5473	4678	1098	6159	2325	3771	1126	3523	4489
scanmut_nocomptransv_8_pos_43	6457	2944	4881	9035	9248	6386	6091	7924	3183	5113	4415	1715	4841
scanmut_nocomptransv_8_pos_44	2431	5069	4088	4735	1746	10037	6228	13688	1577	6308	3262	4219	1223
scanmut_nocomptransv_8_pos_45	9482	2258	8608	2751	6467	1837	15077	4693	3810	1403	3952	5948	2010
scanmut_nocomptransv_8_pos_46	2072	7173	7442	4677	3632	5212	1544	6198	1995	5128	2453	3484	6068
scanmut_nocomptransv_8_pos_47	7457	3580	7291	5433	15670	4768	9175	8460	8288	3760	4297	1456	5885
scanmut_nocomptransv_8_pos_48	2753	2691	9522	4683	1301	1719	2217	9237	986	7255	3216	6848	1962
scanmut_nocomptransv_8_pos_49	7148	792	4383	554	4015	1398	4799	2680	4155	2081	4500	3019	3291
scanmut_nocomptransv_8_pos_50	1512	4230	1261	5804	1029	2634	883	4524	3094	5288	962	5842	3096
scanmut_nocomptransv_8_pos_51	2069	392	12188	1003	3030	2712	3678	1224	5748	1578	10898	1960	3905
scanmut_nocomptransv_8_pos_52	3913	11524	3410	19011	1599	5717	7090	5612	3994	3204	2978	6879	5146
scanmut_nocomptransv_8_pos_53	8245	6341	14613	6811	37223	6301	9465	4285	6891	2474	13844	1776	13406
scanmut_nocomptransv_8_pos_54	2663	1875	2924	11117	13497	8504	5744	7673	2996	8318	2366	9156	10812
scanmut_nocomptransv_8_pos_55	6542	2301	11036	4399	9007	6590	8950	9194	22495	14960	15801	7631	7950
scanmut_nocomptransv_8_pos_56	16815	13696	12127	8806	6215	13565	13095	4266	4183	9094	10135	6011	4762
scanmut_nocomptransv_8_pos_57	8324	5421	15548	3872	22310	4226	3113	6680	6797	23501	5962	5968	7239
scanmut_nocomptransv_8_pos_58	2580	3922	1883	4422	5309	5334	4249	4969	2028	7277	3731	16661	9402
scanmut_nocomptransv_8_pos_59	102	2971	14508	3605	4	11692	7677	2637	12864	3399	10821	4634	12894
scanmut_nocomptransv_8_pos_60	0	5532	1867	5893	2758	5143	2526	5431	3776	15420	788	13104	4318
scanmut_nocomptransv_8_pos_61	4345	781	7195	1016	3554	2697	5031	1522	4404	1864	3403	3426	3554
scanmut_nocomptransv_8_pos_62	1837	4634	1546	4489	1248	4998	1991	7837	1828	5501	2691	3421	2227
scanmut_nocomptransv_8_pos_63	5873	2904	4230	1472	5456	1656	8057	1500	3324	1517	5671	1945	5353
scanmut_nocomptransv_8_pos_64	683	4696	0	3035	4336	2513	881	3576	163	5269	2978	3152	385
scanmut_nocomptransv_8_pos_65	2684	1300	1461	2444	3318	748	1654	1386	2862	1376	3000	507	3200
scanmut_nocomptransv_8_pos_66	1785	2787	468	3781	2826	3086	925	1455	2153	4912	1508	4302	708
scanmut_nocomptransv_8_pos_67	2003	2586	3160	503	2052	808	1549	614	2040	570	1718	2137	4765
scanmut_nocomptransv_8_pos_68	3309	3645	1351	2439	631	2067	481	2229	1985	2810	714	1716	737
scanmut_nocomptransv_8_pos_69	2063	968	3379	1207	3940	1030	2242	2967	3554	1388	5045	3963	978
scanmut_nocomptransv_8_pos_70	818	1594	3099	4190	1932	1187	2335	1044	755	2181	527	792	1499
scanmut_nocomptransv_8_pos_71	2635	334	2144	2909	1104	1466	4947	684	1862	227	1637	2995	2446
scanmut_nocomptransv_8_pos_72	949	1515	3737	4156	1897	1822	1006	2850	1876	3214	2998	2148	1576
scanmut_nocomptransv_8_pos_73	1336	991	1999	1384	2332	5059	3219	1164	1815	2957	5508	3668	2197
scanmut_nocomptransv_8_pos_74	2561	2928	2399	2040	3723	2624	1554	2790	3730	1514	1660	2248	1499
scanmut_nocomptransv_8_pos_75	4363	3250	4882	1918	4671	2392	1997	3053	2649	5430	2263	12062	6248
scanmut_nocomptransv_8_pos_76	4849	2059	4533	1023	1841	3672	0	2171	3203	2289	3979	3579	2148
scanmut_nocomptransv_8_pos_77	1029	9896	2041	1621	6689	5824	3835	9374	66	6631	2197	2034	4366
scanmut_nocomptransv_8_pos_78	716	1591	0	704	1920	3309	1623	1006	2146	1247	1315	2073	2707
scanmut_nocomptransv_8_pos_79	600	567	629	857	922	818	1674	228	1157	982	1600	1017	240
scanmut_trans_8_pos_0	1918	7139	1113	4276	521	307	1068	2460	884	2949	409	4177	87
scanmut_trans_8_pos_1	42709	33	10078	6137	13810	3495	11296	13340	9148	6824	17502	16979	10327
scanmut_trans_8_pos_2	14943	5484	6784	5993	8101	7118	8878	4794	4905	9343	6729	11393	7770
scanmut_trans_8_pos_3	33727	8396	12024	26885	22690	11105	7417	5932	34957	6842	17418	10993	9241
scanmut_trans_8_pos_4	3442	5926	646	3137	1312	5591	855	11692	271	7729	1251	3941	1488
scanmut_trans_8_pos_5	3497	2201	9156	1407	9170	3390	3751	248	4491	1776	123	1123	2902
scanmut_trans_8_pos_6	1877	6223	468	8077	612	6254	423	4111	596	3669	758	3084	1002
scanmut_trans_8_pos_7	2238	476	5373	367	3224	805	6704	1566	4426	324	3574	532	5683
scanmut_trans_8_pos_8	1385	3879	909	2218	1278	6096	497	4188	2651	4331	1179	4810	1085
scanmut_trans_8_pos_9	14331	7226	26882	2833	27134	19546	4666	9893	12940	0	14671	18178	6898
scanmut_trans_8_pos_10	5137	10532	4721	17020	7582	12302	38575	13269	10746	8230	30698	13640	14455
scanmut_trans_8_pos_11	13701	5693	12238	8488	14180	10885	9132	7834	4800	12092	12526	5108	12621
scanmut_trans_8_pos_12	29994	8024	8324	30976	12961	9265	5057	6810	18080	20916	17628	11270	3642
scanmut_trans_8_pos_13	9288	38924	19069	7473	10181	7067	12803	5161	7033	11442	13821	10779	8685
scanmut_trans_8_pos_14	5656	11741	18467	20810	5213	13043	12248	19872	3393	7291	6872	12383	12577
scanmut_trans_8_pos_15	7941	9399	6226	9777	24478	3704	6793	6124	9963	10650	8971	10276	9169
scanmut_trans_8_pos_16	7278	19146	32000	11771	17262	11202	12620	40163	11182	17405	19328	19676	9187
scanmut_trans_8_pos_17	12733	9594	45827	41472	13998	41178	30870	13154	24054	14480	44964	12216	14879
scanmut_trans_8_pos_18	5450	12012	9924	9863	8461	16777	7628	12902	15798	8051	21184	12613	11574
scanmut_trans_8_pos_19	9990	28650	17128	5581	36276	9842	14241	35056	15528	33160	72	32563	30867
scanmut_trans_8_pos_20	86190	21668	40361	52118	41868	60048	18452	28050	19444	19656	40346	27330	37625
scanmut_trans_8_pos_21	23081	75641	23210	6106	24224	12237	28434	13648	28148	12600	11455	16876	24942
scanmut_trans_8_pos_22	4324	4295	4051	12153	4894	4754	3664	5782	929	7605	895	4562	3059
scanmut_trans_8_pos_23	0	8803	42532	6314	33208	9585	20388	14770	11893	11954	23796	7604	16848
scanmut_trans_8_pos_24	41302	32686	48633	11407	42463	20140	12441	33588	17444	20939	21729	81251	11108
scanmut_trans_8_pos_25	8581	11679	10495	32455	8230	8180	13110	16015	13714	8372	7198	8881	8
scanmut_trans_8_pos_26	17709	14189	10186	12888	7916	14272	21845	25535	10487	8697	26783	18825	14339
scanmut_trans_8_pos_27	7546	9287	6583	6481	12226	13315	14094	1840	8727	6599	9007	3591	4696
scanmut_trans_8_pos_28	7280	15123	4222	17735	10368	27223	4860	9993	8669	11315	3994	10539	7022
scanmut_trans_8_pos_29	12668	6412	10797	8953	11799	9011	25602	23133	11006	750	13793	7765	10569
scanmut_trans_8_pos_30	4707	22295	5678	10284	7345	10561	5489	19181	10843	29039	20676	12193	12021
scanmut_trans_8_pos_31	3912	5524	15138	11908	7698	3866	10004	6133	9440	15139	7736	5154	11228
scanmut_trans_8_pos_32	207	220	1607	2699	1135	3035	2848	13659	3199	6431	3879	3120	3094
scanmut_trans_8_pos_33	10166	4834	6681	7080	3972	6204	4700	3688	9063	3716	7424	2282	5260
scanmut_trans_8_pos_34	4602	7592	3036	32975	3462	6079	8208	7506	3103	4866	8848	2784	3115
scanmut_trans_8_pos_35	8370	3121	9696	5624	5037	2319	5377	3934	10131	3412	5145	1767	18256
scanmut_trans_8_pos_36	4460	7940	5907	9578	5886	7354	9376	9173	4135	16333	8803	6850	5584
scanmut_trans_8_pos_37	8889	4667	3917	1262	3477	1872	4267	1751	5053	2894	13709	3735	20441
scanmut_trans_8_pos_38	2345	8908	1597	642	2609	7226	6249	4673	2975	7104	4728	10064	2167
scanmut_trans_8_pos_39	7062	2239	7873	1828	10005	4940	14804	4977	7082	3487	6109	1590	4762
scanmut_trans_8_pos_40	3766	7894	5096	12384	973	5915	1434	8030	1565	9468	3672	2581	2316
scanmut_trans_8_pos_41	3064	1767	4777	1824	4592	677	2999	1467	3766	1714	4874	657	4723
scanmut_trans_8_pos_42	920	3250	1653	5984	1940	3820	954	3541	1881	7056	4393	3038	1044
scanmut_trans_8_pos_43	7097	1696	5420	1143	3253	2119	2926	3186	6824	3825	4410	35	11379
scanmut_trans_8_pos_44	8893	3388	889	4569	5701	4672	1236	7234	2372	4496	5124	7384	2829
scanmut_trans_8_pos_45	14039	3139	6803	1716	8281	3237	6386	9481	5855	1889	4940	2254	8580
scanmut_trans_8_pos_46	3752	9873	11321	6709	2962	7133	1808	6554	1833	2100	4050	15231	2040
scanmut_trans_8_pos_47	4458	3420	4506	2916	8065	8596	7124	2488	11577	2611	8045	2277	6608
scanmut_trans_8_pos_48	2205	3909	1497	5828	2677	5926	2447	6279	3784	2666	1983	4706	1386
scanmut_trans_8_pos_49	10048	554	5074	1360	8514	2080	1863	1961	17898	1653	3500	1486	7778
scanmut_trans_8_pos_50	369	2004	766	2896	2310	2845	254	2855	406	5082	510	2044	649
scanmut_trans_8_pos_51	5924	5500	4174	2276	6446	1820	5521	4432	5672	1676	5760	7367	9915
scanmut_trans_8_pos_52	3339	5003	6858	10683	3426	6548	4148	7048	1371	4409	455	5365	5141
scanmut_trans_8_pos_53	3262	6565	3778	5931	1552	1968	6483	1629	2352	4120	8015	1692	7839
scanmut_trans_8_pos_54	5886	10683	2217	7117	5937	3893	3668	6648	2681	11854	3727	6854	2740
scanmut_trans_8_pos_55	6434	4694	5346	14385	4912	6223	5685	4379	4883	2220	5502	3147	9708
scanmut_trans_8_pos_56	11223	10147	11077	12286	4789	6972	6824	9024	5586	21918	11679	8199	5677
scanmut_trans_8_pos_57	14367	12086	9732	6674	10650	6968	17581	16826	9979	2620	11252	2604	12234
scanmut_trans_8_pos_58	5621	14639	4265	12828	4286	15485	3793	12485	7692	9364	22778	13188	14507
scanmut_trans_8_pos_59	9947	8540	8073	10050	18073	2630	21422	13921	15765	18494	8539	8109	6655
scanmut_trans_8_pos_60	1413	7601	3550	7286	1034	6513	1431	13997	2050	3615	1680	10347	2779
scanmut_trans_8_pos_61	3812	6873	8053	3027	1898	1495	6949	3357	4544	2455	9847	3404	4489
scanmut_trans_8_pos_62	9329	29035	6637	6321	7317	8858	3114	19082	3029	4251	4555	7287	4769
scanmut_trans_8_pos_63	0	2722	10529	1546	7021	1900	6628	145	5244	3018	7235	557	9777
scanmut_trans_8_pos_64	3869	4803	4249	5656	1774	5840	3401	14244	3399	2757	2108	2887	7887
scanmut_trans_8_pos_65	3875	2373	4120	2707	1946	1276	2801	871	4731	332	3594	459	3030
scanmut_trans_8_pos_66	2328	2179	959	1323	1331	4430	1182	4262	1366	2126	415	3830	570
scanmut_trans_8_pos_67	2011	1780	2108	412	7254	2203	2315	456	3404	1294	2097	1481	2318
scanmut_trans_8_pos_68	1016	2742	2221	2675	1142	3947	2181	2679	566	4944	1305	1615	1778
scanmut_trans_8_pos_69	2262	1363	6257	553	10081	1389	1973	1192	3144	1251	247	698	1634
scanmut_trans_8_pos_70	1132	2915	478	3412	2047	2943	1822	1356	1580	2518	1833	3107	1114
scanmut_trans_8_pos_71	2545	1183	2643	1727	2137	614	2251	416	7091	2964	4437	2345	1704
scanmut_trans_8_pos_72	1182	1221	1737	1489	555	2019	441	2454	1566	1906	1100	3335	948
scanmut_trans_8_pos_73	1976	866	1337	510	950	439	1889	2321	1890	818	1442	239	2475
scanmut_trans_8_pos_74	847	904	1033	1521	650	3937	2447	3942	523	2652	1256	1142	2245
scanmut_trans_8_pos_75	1636	2694	2418	2605	1655	1376	5941	1132	1219	570	5451	1699	381
scanmut_trans_8_pos_76	662	3136	1237	2259	991	2554	1470	2366	506	4871	600	1955	7752
scanmut_trans_8_pos_77	1514	2398	6053	1807	7347	950	3996	1007	2364	3050	2150	2395	1584
scanmut_trans_8_pos_78	2702	3178	641	773	747	1138	1662	1899	1303	1876	3862	4783	1788
scanmut_trans_8_pos_79	4381	9903	1614	8248	1957	2579	3239	2508	5209	5175	3554	2136	1172
scanmut_split_revcomp_right_0_87_offset_1	4291	3849	1420	2890	2371	3214	2050	2008	5366	8567	6118	4589	3375
scanmut_split_revcomp_right_0_87_offset_2	9153	6904	29710	7514	33275	4971	7007	4347	8693	13301	8277	6974	12263
scanmut_split_revcomp_right_0_87_offset_3	6634	52410	8681	10250	6860	14330	26024	22023	8266	35880	17720	24682	7157
scanmut_split_revcomp_right_0_87_offset_4	9454	9491	13887	6770	3550	2591	11991	19322	16013	724	15131	10523	10797
scanmut_split_revcomp_right_0_87_offset_5	5264	8907	2136	4392	10624	5266	2150	26765	4973	27740	34167	5896	29094
scanmut_split_revcomp_right_0_87_offset_6	24727	6082	29095	8819	9422	3062	22341	1617	13981	8317	10808	5183	18009
scanmut_split_revcomp_right_0_87_offset_7	25967	17546	16323	17339	11070	15405	16317	24970	26905	16657	13955	16854	14933
scanmut_split_revcomp_right_0_87_offset_8	11471	23250	15621	15340	14809	11684	13752	5268	14301	7274	19102	4776	22102
scanmut_split_revcomp_right_0_87_offset_9	23660	40002	77381	48503	20192	27297	38543	23894	24917	41255	12898	56301	69730
scanmut_split_revcomp_right_0_87_offset_10	25598	18709	128412	52260	47221	36247	14065	12580	48809	18367	47939	15457	23867
scanmut_split_revcomp_right_0_87_offset_11	2485	7916	7160	12723	4549	20590	7674	11170	4965	12648	2425	15394	3574
scanmut_split_revcomp_right_0_87_offset_12	18213	14558	25252	17552	20613	15554	47575	10019	36047	12827	31028	37302	29154
scanmut_split_revcomp_right_0_87_offset_13	11478	23215	8520	26782	15907	71934	4457	22941	13382	44120	20085	31724	21313
scanmut_split_revcomp_right_0_87_offset_14	6576	2158	3408	1434	2709	1607	5243	5313	13097	3406	7611	6040	6262
scanmut_split_revcomp_right_0_87_offset_15	20227	26404	11685	28778	18039	40043	3832	19908	5489	42927	10682	19244	4569
scanmut_split_revcomp_right_0_87_offset_16	6457	2603	9166	1573	4513	833	12242	3285	7000	1523	9224	1765	7142
scanmut_split_revcomp_right_0_87_offset_17	17759	6500	4851	7947	2959	8486	3280	7584	18629	28450	5715	11834	2864
scanmut_split_revcomp_right_0_87_offset_18	28721	24156	40552	10815	24729	8065	22071	11265	5675	8769	22596	19729	17814
scanmut_split_revcomp_right_0_87_offset_19	18428	25754	22060	31617	11858	42672	11625	81609	7209	99848	32877	29751	14088
scanmut_split_revcomp_right_0_87_offset_20	8642	20999	16242	16656	57706	25046	29077	12780	20934	7142	29564	9794	41007
scanmut_split_revcomp_right_0_87_offset_21	0	11956	4943	6624	3965	26003	2972	17889	1977	7755	2707	7075	21852
scanmut_split_revcomp_right_0_87_offset_22	19465	6257	15871	7365	7816	58880	23553	11755	29182	6303	48311	5270	18040
scanmut_split_revcomp_right_0_87_offset_23	2165	16743	5601	5332	4276	14114	4655	9966	6853	8432	5177	11655	4291
scanmut_split_revcomp_right_0_87_offset_24	9040	9742	6900	3115	5461	12522	9205	4498	7554	2248	4809	6112	5712
scanmut_split_revcomp_right_0_87_offset_25	9105	9291	24616	11045	4077	5041	5206	13816	6800	9380	18411	14014	10157
scanmut_split_revcomp_right_0_87_offset_26	2507	786	1108	807	2012	974	1749	954	679	618	2998	116	1700
scanmut_split_revcomp_right_0_87_offset_27	3541	21489	3382	20794	7934	16401	3150	20422	15619	10847	13230	21955	5807
scanmut_split_revcomp_right_0_87_offset_28	7643	7674	10841	3770	26769	3942	13681	1399	12117	3469	5751	8481	12333
scanmut_split_revcomp_right_0_87_offset_29	8353	11247	2113	9963	3351	13025	13018	17200	1267	9551	3279	7383	5060
scanmut_split_revcomp_right_0_87_offset_30	14921	4153	8553	3768	10027	2664	6356	1444	7668	3554	7286	11551	6677
scanmut_split_revcomp_right_0_87_offset_31	19971	5025	8605	2700	6597	7519	4489	12391	2297	6180	6775	10278	6062
scanmut_split_revcomp_right_0_87_offset_32	15971	27640	16914	9281	17015	3735	8628	32948	8726	9694	16705	10189	13968
scanmut_split_revcomp_right_0_87_offset_33	112	606	82	697	603	435	1163	1390	993	2253	463	1575	863
scanmut_split_revcomp_right_0_87_offset_34	5725	648	1894	6747	18748	2875	3458	3797	10568	2552	1035	4452	6349
scanmut_split_revcomp_right_0_87_offset_35	6187	6765	3307	7953	9240	12109	5153	19984	6308	5391	2716	25094	1629
scanmut_split_revcomp_right_0_87_offset_36	11278	758	2996	3523	2085	590	5633	1459	8586	4191	4079	1440	9841
scanmut_split_revcomp_right_0_87_offset_37	1276	967	1682	3455	867	3984	2050	2140	941	2273	644	4744	1703
scanmut_split_revcomp_right_0_87_offset_38	7179	6441	6466	7946	10958	1792	11172	4158	7422	5938	4868	11159	2305
scanmut_split_revcomp_right_0_87_offset_39	1052	530	872	1740	1632	3774	1528	808	4862	2007	949	2924	3754
scanmut_split_revcomp_right_0_87_offset_40	1314	853	1853	1111	3542	900	3420	930	1277	2229	5356	3457	1983
scanmut_split_revcomp_right_0_87_offset_41	8005	7858	2615	5105	5252	2596	5422	7138	21596	2487	4431	5379	8350
scanmut_split_revcomp_right_0_87_offset_42	1409	1943	1293	1401	2035	502	2679	1430	2212	1545	2265	2236	3566
scanmut_split_revcomp_right_0_87_offset_43	12328	7254	8406	8484	6894	6106	2382	11098	6174	8644	7305	3592	38269
scanmut_split_revcomp_right_0_87_offset_44	23430	12031	11907	6611	598	2869	10552	4174	9936	5403	13709	4257	4330
scanmut_split_revcomp_right_0_87_offset_45	3263	6712	500	5896	2604	2297	1509	555	1971	3049	1203	4796	3282
scanmut_split_revcomp_right_0_87_offset_46	6690	16822	11777	10907	11542	4813	6313	16214	13748	14742	12135	6083	5810
scanmut_split_revcomp_right_0_87_offset_47	1732	4910	1302	909	5106	2311	703	2422	935	2420	2408	2662	2304
scanmut_split_revcomp_right_0_87_offset_48	1520	1941	889	6114	2218	2446	4127	1294	2348	4632	2220	2725	3001
scanmut_split_revcomp_right_0_87_offset_49	2324	9134	7472	2824	4839	2792	1594	2100	1120	3349	3159	4120	2869
scanmut_split_revcomp_right_0_87_offset_50	1237	1073	4083	575	1555	709	1727	315	700	240	584	236	1700
scanmut_split_revcomp_right_0_87_offset_51	2197	4868	2661	4098	3923	2570	7497	3417	4916	4092	2865	1599	5372
scanmut_split_revcomp_right_0_87_offset_52	1719	677	1079	2751	1163	378	476	1656	1832	1118	2613	1538	1364
scanmut_split_revcomp_right_0_87_offset_53	4506	4061	8469	2804	2622	7084	4948	4071	2489	3442	9819	5502	6742
scanmut_split_revcomp_right_0_87_offset_54	3962	4065	4128	2992	1365	3565	2627	816	2811	4783	4673	4672	2460
scanmut_split_revcomp_right_0_87_offset_55	9104	7102	5017	4698	23169	2702	4375	4418	3168	8191	9277	11	4422
scanmut_split_revcomp_right_0_87_offset_56	2098	11159	2161	6928	2340	3915	14926	5394	6277	7628	10443	6228	8134
scanmut_split_revcomp_right_0_87_offset_57	2828	7758	5717	14637	17792	5362	6460	3102	8981	3297	2293	1264	7008
scanmut_split_revcomp_right_0_87_offset_58	1471	6970	1689	10815	6071	6949	2460	10501	17288	6457	5358	11040	12401
scanmut_split_revcomp_right_0_87_offset_59	13069	3173	2434	2419	17042	8762	4667	9521	9196	2148	2572	3894	9932
scanmut_split_revcomp_right_0_87_offset_60	19602	7165	39851	17512	16222	35779	30311	18164	16015	10491	20947	19978	11390
scanmut_split_revcomp_right_0_87_offset_61	5110	5892	4185	6730	6053	4004	10422	12114	10806	2317	2607	3915	5132
scanmut_split_revcomp_right_0_87_offset_62	4657	17311	16232	17970	12634	24738	10987	14868	50619	6576	10066	15107	24886
scanmut_split_revcomp_right_0_87_offset_63	10	3448	1138	783	1055	4560	4895	8382	2703	5916	2680	2196	1549
scanmut_split_revcomp_right_0_87_offset_64	5439	5547	6126	5494	3169	7343	2640	9150	2425	2545	3072	9548	2835
scanmut_split_revcomp_right_0_87_offset_65	8269	3165	1710	4288	1416	5498	4292	6563	10304	4414	3586	1428	4754
scanmut_split_revcomp_right_0_87_offset_66	1937	4296	1814	5080	5834	3519	3862	9405	2044	4854	5635	3447	2421
scanmut_split_revcomp_right_0_87_offset_67	24585	10848	4713	11395	12002	5774	11424	3987	7802	8161	8004	7358	19239
scanmut_split_revcomp_right_0_87_offset_68	1023	1579	1743	1383	878	1071	491	965	1335	2428	244	995	1355
scanmut_split_revcomp_right_0_87_offset_69	232	2850	769	501	934	2940	1847	1130	1582	631	900	1625	1859
scanmut_split_revcomp_right_0_87_offset_70	1222	4310	2141	4019	3392	3239	7929	1306	1499	4478	1854	10571	8511
scanmut_split_revcomp_right_0_87_offset_71	1818	2893	633	1871	9909	3313	3287	4248	7277	3829	6464	5573	4797
scanmut_split_revcomp_right_0_87_offset_72	956	515	792	109	576	1229	669	296	876	129	308	823	299
scanmut_split_revcomp_right_0_87_offset_73	1064	1409	1100	1894	1118	2530	1155	1473	2312	2012	1221	613	925
scanmut_split_revcomp_right_0_87_offset_74	794	1425	210	552	195	165	702	385	728	784	646	598	652
scanmut_split_revcomp_right_0_87_offset_75	1153	2228	1227	655	306	5193	468	1095	767	384	1544	1913	2106
scanmut_split_revcomp_right_0_87_offset_76	411	2616	1266	1187	2049	2167	1064	4732	4635	1084	870	586	1192
scanmut_split_revcomp_right_0_87_offset_77	10340	4169	8036	5934	1933	10923	2696	13910	3128	4784	9012	14089	3657
scanmut_split_revcomp_right_0_87_offset_78	515	487	388	111	477	336	280	152	839	78	176	54	272
scanmut_split_revcomp_right_0_87_offset_79	2924	3938	2599	843	4637	2447	2111	1821	3270	4601	528	5130	1443
scanmut_split_revcomp_right_0_87_offset_80	6614	2156	2344	2165	3545	1655	3605	4181	2163	4371	4510	4352	8132
scanmut_split_revcomp_right_0_87_offset_81	7156	9487	11979	7655	4542	14126	1723	10692	5252	16601	8421	8315	8211
scanmut_split_revcomp_right_0_87_offset_82	13191	3607	3927	4404	3711	6566	1761	5497	8439	1999	3516	6184	4231
scanmut_split_revcomp_right_0_87_offset_83	3977	7039	1781	5462	7358	7182	4919	4185	2847	7849	4139	7363	3990
scanmut_split_revcomp_right_0_87_offset_84	10164	3092	22771	3018	6612	13688	8869	2408	7548	5382	9833	6973	11194
scanmut_split_revcomp_right_0_87_offset_85	3110	8025	2489	7341	1918	4028	2572	3846	2675	8455	1758	15281	2305
scanmut_split_revcomp_right_0_87_offset_86	6558	3883	5669	10965	4215	1293	6293	2265	14034	7632	6721	7642	7110
scanmut_split_revcomp_left_0_87_offset_1	253	8969	278	8731	1723	5550	478	11523	3	5386	973	8678	1213
scanmut_split_revcomp_left_0_87_offset_2	471	3449	4106	6718	12355	3729	8708	5363	18683	3640	20160	13856	8891
scanmut_split_revcomp_left_0_87_offset_3	457	4992	3155	5783	931	5877	663	7156	2946	5621	1548	6575	5392
scanmut_split_revcomp_left_0_87_offset_4	19217	11714	37211	4809	9605	12460	14426	6078	6317	3773	5412	8323	2272
scanmut_split_revcomp_left_0_87_offset_5	5350	8994	3531	8896	3979	15852	6969	5879	1979	8465	7176	7664	3336
scanmut_split_revcomp_left_0_87_offset_6	4079	402	10997	2844	3477	8361	6461	5017	8611	2371	7852	1423	6504
scanmut_split_revcomp_left_0_87_offset_7	2792	7209	2620	6495	3681	4004	2489	3433	2245	6113	3168	5796	1529
scanmut_split_revcomp_left_0_87_offset_8	5174	828	9900	460	4095	850	4689	892	5326	466	6880	93	6740
scanmut_split_revcomp_left_0_87_offset_9	1815	15939	6577	21760	2546	11004	7104	4161	3027	7781	7408	7240	6490
scanmut_split_revcomp_left_0_87_offset_10	14009	30111	13988	9633	43265	5923	25783	9268	13305	5874	10153	45040	13030
scanmut_split_revcomp_left_0_87_offset_11	23894	30492	12658	10108	8159	7654	8339	3081	5576	41557	19534	7197	7642
scanmut_split_revcomp_left_0_87_offset_12	4907	11044	8331	13148	7831	12846	5503	3191	15422	5063	7911	4016	8031
scanmut_split_revcomp_left_0_87_offset_13	575	4048	3009	2786	2657	5703	1306	5782	197	2448	1	5249	0
scanmut_split_revcomp_left_0_87_offset_14	5588	3793	3042	1150	7365	3163	4249	4950	9697	2047	4954	4140	14500
scanmut_split_revcomp_left_0_87_offset_15	11511	11571	4791	18698	24981	48933	7955	5577	11618	8720	19333	9266	9211
scanmut_split_revcomp_left_0_87_offset_16	9395	11977	9331	18354	6070	13878	18370	3732	7794	11479	23003	5744	7670
scanmut_split_revcomp_left_0_87_offset_17	7524	10088	2674	8500	3884	5767	8513	6359	5392	7666	3050	5448	4609
scanmut_split_revcomp_left_0_87_offset_18	7015	517	2377	1532	4496	939	4946	667	4412	2488	8177	620	145
scanmut_split_revcomp_left_0_87_offset_19	11215	12594	14410	11874	8768	10257	10743	8399	4825	6929	9714	11702	8566
scanmut_split_revcomp_left_0_87_offset_20	36358	38168	10516	10695	20153	17894	39929	21050	17702	24369	20817	55393	1017
scanmut_split_revcomp_left_0_87_offset_21	25412	24014	8213	13396	24759	9034	11268	18150	14545	14276	55091	8983	63511
scanmut_split_revcomp_left_0_87_offset_22	50736	33331	25748	18944	17152	11648	74124	29042	11749	71545	27863	22094	53149
scanmut_split_revcomp_left_0_87_offset_23	37539	10360	8339	48905	13704	14506	16793	12553	19144	11129	22641	17271	13114
scanmut_split_revcomp_left_0_87_offset_24	13198	15352	40858	31614	17077	5512	35908	19055	12126	25443	7163	23514	13442
scanmut_split_revcomp_left_0_87_offset_25	13053	23138	33252	50254	12992	23139	19422	40311	13771	15701	10907	35214	65702
scanmut_split_revcomp_left_0_87_offset_26	21151	10484	29258	11397	24325	12225	71452	19112	85230	32962	10635	20758	19722
scanmut_split_revcomp_left_0_87_offset_27	10847	12536	14806	10773	62266	9251	17979	17774	18491	10891	37253	14040	46854
scanmut_split_revcomp_left_0_87_offset_28	91445	48613	25609	19043	29707	108846	22608	46969	71417	30410	77539	127853	27629
scanmut_split_revcomp_left_0_87_offset_29	40027	8559	12378	42187	1161	39314	4956	17271	16295	18414	9930	9333	6578
scanmut_split_revcomp_left_0_87_offset_30	33529	33763	51923	11705	3391	15943	16828	27381	35399	19190	12986	20236	46486
scanmut_split_revcomp_left_0_87_offset_31	13777	9989	13372	10712	13545	17239	5849	10204	42303	15345	5059	9374	19210
scanmut_split_revcomp_left_0_87_offset_32	13155	9642	11726	9119	20977	8104	12467	13811	9533	9809	14815	17179	8884
scanmut_split_revcomp_left_0_87_offset_33	13969	13946	11961	80341	32567	9079	13921	59727	16813	18995	20406	21509	21710
scanmut_split_revcomp_left_0_87_offset_34	8234	11318	23358	11266	18382	16099	21275	66496	28175	7005	29785	11932	17473
scanmut_split_revcomp_left_0_87_offset_35	24996	30665	14794	12835	12765	9780	19822	23995	23305	19965	23490	27741	20158
scanmut_split_revcomp_left_0_87_offset_36	8115	42873	9899	12529	12502	8182	7096	37936	9401	10417	7998	23723	35324
scanmut_split_revcomp_left_0_87_offset_37	2535	15637	11843	3745	2702	21005	9255	3146	2434	5123	8175	8554	2504
scanmut_split_revcomp_left_0_87_offset_38	16775	25848	49346	15831	9617	9683	7989	16259	46142	30771	11487	8400	11753
scanmut_split_revcomp_left_0_87_offset_39	343	3908	1852	4824	769	5127	1347	3139	715	1865	1038	2294	189
scanmut_split_revcomp_left_0_87_offset_40	5931	1620	4478	1466	4372	2407	5036	1427	2537	1910	7730	2686	5521
scanmut_split_revcomp_left_0_87_offset_41	3362	4092	1816	7477	2185	2994	1914	6758	2556	4309	5979	3474	7765
scanmut_split_revcomp_left_0_87_offset_42	298	4328	7104	3704	15033	1426	4753	4894	8546	2188	17601	4234	3937
scanmut_split_revcomp_left_0_87_offset_43	5030	8393	9300	5134	8852	10765	4503	9089	4890	8530	1465	5665	2180
scanmut_split_revcomp_left_0_87_offset_44	3128	5073	7623	8936	8699	11577	11796	5850	8506	9060	9724	7090	12753
scanmut_split_revcomp_left_0_87_offset_45	7756	10939	3408	13380	2915	41946	5920	10270	6948	36706	5185	22954	7980
scanmut_split_revcomp_left_0_87_offset_46	13796	2569	24884	9540	11352	22843	11779	22010	42463	3702	40238	45441	12697
scanmut_split_revcomp_left_0_87_offset_47	8427	10305	18700	15887	8962	18104	9170	17481	7149	57043	23322	12024	13400
scanmut_split_revcomp_left_0_87_offset_48	10865	9544	35964	6881	15064	2888	45641	3108	36488	4986	15703	10050	19621
scanmut_split_revcomp_left_0_87_offset_49	349	9508	9822	22542	16583	13316	19894	15256	31627	19710	8106	20359	7879
scanmut_split_revcomp_left_0_87_offset_50	13333	4465	27338	4003	32470	5574	14970	1923	11307	4345	14398	5789	7012
scanmut_split_revcomp_left_0_87_offset_51	10674	18594	9816	9322	9967	13169	9469	10122	2578	16096	6662	15501	7504
scanmut_split_revcomp_left_0_87_offset_52	4378	3405	10618	6096	19799	4398	7392	4140	7000	18948	6609	5611	20389
scanmut_split_revcomp_left_0_87_offset_53	15476	9295	9562	55110	53483	49178	10454	52481	20708	94687	19221	35769	5560
scanmut_split_revcomp_left_0_87_offset_54	15090	75826	23565	8315	21166	15280	1146	32964	14280	4294	32340	15347	80687
scanmut_split_revcomp_left_0_87_offset_55	50850	36524	34111	22508	17542	89852	17417	33434	8795	32771	27687	31895	13274
scanmut_split_revcomp_left_0_87_offset_56	11590	10765	20291	6364	54587	4916	7970	6830	67441	20663	18962	10466	45987
scanmut_split_revcomp_left_0_87_offset_57	17644	163661	14473	35942	8513	30371	25557	47898	7082	30002	14971	47823	26281
scanmut_split_revcomp_left_0_87_offset_58	35927	75010	37090	13018	46026	20755	50463	48872	60480	79899	77358	8782	132346
scanmut_split_revcomp_left_0_87_offset_59	4483	6254	2816	6260	3613	3500	6802	4626	2200	8029	693	2398	6361
scanmut_split_revcomp_left_0_87_offset_60	20636	20358	66391	17243	31874	33702	59907	17624	27817	75893	41257	17096	111749
scanmut_split_revcomp_left_0_87_offset_61	33194	83490	20691	72492	74199	19946	10243	123786	40709	25784	18791	22010	15499
scanmut_split_revcomp_left_0_87_offset_62	18861	8460	22266	33211	24107	26185	11994	15823	20137	14537	25482	24646	28334
scanmut_split_revcomp_left_0_87_offset_63	5507	5286	1561	6879	815	1922	2876	2873	1499	6830	1148	4019	3998
scanmut_split_revcomp_left_0_87_offset_64	15866	5472	13010	6948	21737	7771	25627	5807	19688	4524	9214	10726	18698
scanmut_split_revcomp_left_0_87_offset_65	12530	32389	4497	30283	6730	22761	16143	19255	16249	12275	42137	40749	16289
scanmut_split_revcomp_left_0_87_offset_66	28278	6732	24036	12143	60857	10571	29084	3018	10025	35754	73556	8414	25443
scanmut_split_revcomp_left_0_87_offset_67	21203	27313	7279	62615	13594	56139	9381	50309	8110	29729	9890	44521	6445
scanmut_split_revcomp_left_0_87_offset_68	34487	17215	61907	22456	24686	3472	31212	1281	28878	7307	58435	12034	56364
scanmut_split_revcomp_left_0_87_offset_69	10469	29022	6586	17568	8291	31155	3695	48110	3140	27345	16466	40409	4319
scanmut_split_revcomp_left_0_87_offset_70	25220	7178	13985	7048	35151	7509	24935	2067	20504	2065	33940	4787	21161
scanmut_split_revcomp_left_0_87_offset_71	3771	39281	17486	30330	4027	24741	4866	54808	10633	19316	3630	35340	4309
scanmut_split_revcomp_left_0_87_offset_72	14059	13167	18149	6154	11811	4333	12793	1837	11272	9843	18932	2848	47577
scanmut_split_revcomp_left_0_87_offset_73	12028	29844	3714	16073	3933	22151	5888	23973	6616	51938	277	39817	3845
scanmut_split_revcomp_left_0_87_offset_74	8992	9850	12249	11913	11774	6359	19022	3697	19176	10496	25415	5170	27460
scanmut_split_revcomp_left_0_87_offset_75	21430	24745	5897	62758	6972	13497	4841	24453	24656	20508	4627	22612	4492
scanmut_split_revcomp_left_0_87_offset_76	1980	3443	10301	1803	6217	449	6745	740	4620	1596	6192	552	6530
scanmut_split_revcomp_left_0_87_offset_77	475	1948	159	2314	129	1532	739	1072	491	2040	447	1176	221
scanmut_split_revcomp_left_0_87_offset_78	1374	467	2038	665	2759	553	7826	532	3689	862	3424	2444	2742
scanmut_split_revcomp_left_0_87_offset_79	8232	22819	4313	51840	8474	15254	3461	47850	3205	18594	4670	34308	4632
scanmut_split_revcomp_left_0_87_offset_80	33455	12283	45322	4835	19295	11208	58591	13531	24695	7986	33866	11493	27746
scanmut_split_revcomp_left_0_87_offset_81	7596	20511	4087	21277	21264	9736	5893	61757	6095	21014	22986	19437	8097
scanmut_split_revcomp_left_0_87_offset_82	6373	6862	16673	6494	23325	7557	10901	8655	40403	14194	11345	13726	25923
scanmut_split_revcomp_left_0_87_offset_83	4317	17243	38269	49482	6125	27185	13333	15779	43570	14773	20693	55726	11185
scanmut_split_revcomp_left_0_87_offset_84	24194	1490	17680	23332	47751	17674	72318	11975	18002	25114	20232	7025	13899
scanmut_split_revcomp_left_0_87_offset_85	36806	21200	10365	17331	37373	23232	23382	11211	11525	13316	10278	13387	4721
scanmut_split_revcomp_left_0_87_offset_86	32299	5343	6320	13544	12080	8125	37149	6983	24434	48598	8014	14014	18403
scanmut_insertleft_TTAGC_pos_0	2514	3139	1518	6299	1204	6777	1242	9503	1766	2866	1061	3592	539
scanmut_insertleft_TTAGC_pos_1	9603	6695	19422	8457	4744	24154	12203	11123	5381	2531	11249	4884	22574
scanmut_insertleft_TTAGC_pos_2	2236	3127	3286	9250	1362	8000	3695	8710	2907	9865	13633	9507	7674
scanmut_insertleft_TTAGC_pos_3	10025	3291	6799	6928	8746	5115	8219	11805	20917	14461	12635	6692	11040
scanmut_insertleft_TTAGC_pos_4	3725	7939	3347	12296	11843	52168	7246	7007	3088	11399	2446	18914	4780
scanmut_insertleft_TTAGC_pos_5	24367	41509	11822	26593	57834	16036	21984	4952	39798	39902	40637	19016	14671
scanmut_insertleft_TTAGC_pos_6	16044	21480	29422	17206	40457	18255	18179	22705	41107	23472	51964	28036	24505
scanmut_insertleft_TTAGC_pos_7	15879	49858	14355	21905	22277	10101	12078	7781	10629	38018	22555	29822	10017
scanmut_insertleft_TTAGC_pos_8	30589	16617	12143	18114	12594	13735	15336	47115	11010	14142	12980	23712	8271
scanmut_insertleft_TTAGC_pos_9	21000	4734	15616	4324	17449	16713	9898	7579	25759	4093	12370	15605	26288
scanmut_insertleft_TTAGC_pos_10	21130	12175	9109	23767	21731	21992	15067	19831	52699	17453	17874	17388	11076
scanmut_insertleft_TTAGC_pos_11	10999	10988	17286	4396	6712	18194	13799	10325	10862	2815	18260	7444	14064
scanmut_insertleft_TTAGC_pos_12	13602	37264	18540	3483	8558	24524	10241	14829	12130	16848	19811	21030	4695
scanmut_insertleft_TTAGC_pos_13	11389	10218	9774	5287	38041	12283	6501	6453	15623	3136	24010	7866	9813
scanmut_insertleft_TTAGC_pos_14	9383	8958	43388	46978	4454	12687	33946	14046	10694	15782	14599	20378	11311
scanmut_insertleft_TTAGC_pos_15	27527	8608	38149	26145	20243	14499	39056	22695	11771	14587	27359	19246	40536
scanmut_insertleft_TTAGC_pos_16	9278	9839	13626	15231	20945	12663	4367	21787	5756	25474	17154	17694	7420
scanmut_insertleft_TTAGC_pos_17	16472	13081	26182	11897	111698	17953	32549	27047	14618	22202	13834	13261	49780
scanmut_insertleft_TTAGC_pos_18	28172	14148	41877	15260	14645	16748	5703	21716	14801	45324	9237	17789	4279
scanmut_insertleft_TTAGC_pos_19	19525	28426	21933	27124	22752	11189	17120	16232	25731	9309	16651	20751	13255
scanmut_insertleft_TTAGC_pos_20	16123	66747	3412	22485	38102	17948	5769	20814	17370	26237	13450	16427	8118
scanmut_insertleft_TTAGC_pos_21	17303	9449	13162	13786	23206	3581	13421	11344	12852	12161	15196	9018	16768
scanmut_insertleft_TTAGC_pos_22	2308	9067	617	3398	1668	6539	323	6073	785	4522	538	5023	1327
scanmut_insertleft_TTAGC_pos_23	2815	4923	6274	2697	7417	1758	8465	6449	17804	3534	6785	1388	15261
scanmut_insertleft_TTAGC_pos_24	2568	16289	5230	6863	1170	11891	5351	5061	1552	5128	6188	2904	2196
scanmut_insertleft_TTAGC_pos_25	5123	4041	5052	3190	3252	5687	10000	1578	2901	861	4169	1077	8809
scanmut_insertleft_TTAGC_pos_26	1042	459	904	4753	717	5446	740	6106	2275	8038	2803	4328	505
scanmut_insertleft_TTAGC_pos_27	9847	3437	6954	2191	3780	3149	4461	942	4639	646	8902	2548	14232
scanmut_insertleft_TTAGC_pos_28	672	5744	2718	7240	2749	9142	0	6013	3738	8343	2136	3921	4106
scanmut_insertleft_TTAGC_pos_29	4287	618	6492	3507	5584	2440	3565	1454	6154	887	4238	769	4578
scanmut_insertleft_TTAGC_pos_30	295	900	1982	6132	1800	4818	1020	3852	2606	12383	1152	4921	3321
scanmut_insertleft_TTAGC_pos_31	1122	1597	8745	1324	4497	1679	8115	258	10048	1128	6933	2610	8228
scanmut_insertleft_TTAGC_pos_32	2817	6509	2139	6521	1193	13443	1462	4847	2449	5767	1903	15637	1282
scanmut_insertleft_TTAGC_pos_33	12032	2629	12463	2840	5306	949	6785	1600	10545	1203	10648	611	6505
scanmut_insertleft_TTAGC_pos_34	614	9115	3403	4791	6012	8497	1917	6101	1044	6199	3308	7045	983
scanmut_insertleft_TTAGC_pos_35	11569	1315	5012	1938	5590	3486	4207	763	4753	1708	1667	846	4875
scanmut_insertleft_TTAGC_pos_36	1170	5944	872	8375	1823	4247	2138	15105	881	6562	1220	7248	2217
scanmut_insertleft_TTAGC_pos_37	2641	1716	5781	1067	8322	285	5742	2232	4415	1676	6916	523	8033
scanmut_insertleft_TTAGC_pos_38	923	7355	4116	5978	2399	7482	2124	8724	1206	3472	4382	6606	506
scanmut_insertleft_TTAGC_pos_39	6365	788	4313	1417	4686	3858	6024	839	3187	2075	6360	1066	5349
scanmut_insertleft_TTAGC_pos_40	2949	5839	1216	3424	488	3721	5598	6920	1284	5136	1509	6229	2075
scanmut_insertleft_TTAGC_pos_41	4937	278	10009	1635	6659	2606	9680	1194	5784	1930	3423	1783	4975
scanmut_insertleft_TTAGC_pos_42	4042	11769	7263	7352	2765	10340	3438	10039	0	5170	3726	17536	3250
scanmut_insertleft_TTAGC_pos_43	4346	716	3928	4562	2401	1061	5191	3855	4607	3901	6031	253	6803
scanmut_insertleft_TTAGC_pos_44	685	2315	1368	4668	1036	2713	1061	6061	1282	5408	2427	5920	678
scanmut_insertleft_TTAGC_pos_45	4216	1451	5951	584	5442	546	4525	1981	13621	1795	4111	702	4396
scanmut_insertleft_TTAGC_pos_46	948	2399	837	3752	794	11254	1093	6515	1757	5533	973	9475	1529
scanmut_insertleft_TTAGC_pos_47	3960	825	4665	1054	3760	3499	9710	646	2834	2566	3597	1323	5812
scanmut_insertleft_TTAGC_pos_48	323	2365	2717	3987	753	6235	692	3958	567	9882	3530	6270	642
scanmut_insertleft_TTAGC_pos_49	6761	2111	2312	1432	4642	863	8558	797	5037	5519	4664	0	582
scanmut_insertleft_TTAGC_pos_50	2059	3835	393	1	2701	8448	1181	4301	2118	7893	2168	5131	541
scanmut_insertleft_TTAGC_pos_51	9159	1867	3047	1093	3753	1600	2295	971	5074	667	3112	1183	3954
scanmut_insertleft_TTAGC_pos_52	58	4646	1430	3465	1215	4511	1117	5017	2995	1618	1398	7385	1666
scanmut_insertleft_TTAGC_pos_53	3738	2436	4544	1436	8440	3677	5584	854	3337	2685	2183	1513	4962
scanmut_insertleft_TTAGC_pos_54	736	6435	7849	5672	1420	7300	2439	5698	2362	8871	3087	5886	1792
scanmut_insertleft_TTAGC_pos_55	12112	3963	6083	2843	8360	1575	5494	6401	3052	4789	5502	1015	3203
scanmut_insertleft_TTAGC_pos_56	4067	7692	1500	2517	1088	5337	3259	12994	3	3691	476	6093	931
scanmut_insertleft_TTAGC_pos_57	8218	1905	3410	3321	4360	1192	5885	6844	3654	1126	3416	1267	4027
scanmut_insertleft_TTAGC_pos_58	992	9862	1163	6557	845	11486	1202	5618	3254	6400	5449	3568	1718
scanmut_insertleft_TTAGC_pos_59	4415	2922	9197	767	6490	768	3821	955	3952	1089	4104	2729	3759
scanmut_insertleft_TTAGC_pos_60	343	3026	1124	2595	1445	5431	1022	4177	2240	2591	2954	6195	1647
scanmut_insertleft_TTAGC_pos_61	8735	1282	5567	1188	4709	254	5320	592	4545	750	7701	1052	2135
scanmut_insertleft_TTAGC_pos_62	1786	4257	1877	7737	819	2678	3474	3316	1000	4838	461	4149	5097
scanmut_insertleft_TTAGC_pos_63	3042	497	2681	992	3095	900	1492	2140	3330	578	6142	1482	6921
scanmut_insertleft_TTAGC_pos_64	776	2160	2144	2688	268	3296	800	4610	938	2851	411	2187	895
scanmut_insertleft_TTAGC_pos_65	2178	463	1851	1672	1748	710	1897	445	1498	396	3737	431	2258
scanmut_insertleft_TTAGC_pos_66	1539	1347	78	1711	261	3119	1014	3798	748	3405	999	2810	911
scanmut_insertleft_TTAGC_pos_67	93	1608	94	783	2355	151	1015	149	1980	1108	2401	1025	3929
scanmut_insertleft_TTAGC_pos_68	665	2733	459	2031	587	3070	475	927	2382	1469	1750	2198	1161
scanmut_insertleft_TTAGC_pos_69	2436	455	4026	1778	1352	305	5404	1198	4624	1445	2515	1089	2210
scanmut_insertleft_TTAGC_pos_70	1114	2876	181	3025	317	3875	531	4448	1054	2947	1429	2587	963
scanmut_insertleft_TTAGC_pos_71	3352	1424	2050	671	3730	2627	2957	426	4287	511	1341	2931	4203
scanmut_insertleft_TTAGC_pos_72	653	3877	473	2436	392	2566	1728	3568	1501	3494	1219	2023	409
scanmut_insertleft_TTAGC_pos_73	6926	1264	4544	4817	2855	2593	4710	698	2313	1156	3259	737	3571
scanmut_insertleft_TTAGC_pos_74	1196	2244	1536	3685	794	2499	752	3784	1979	1303	1105	2575	708
scanmut_insertleft_TTAGC_pos_75	3593	1636	3193	1159	3271	2044	5784	1183	2359	2642	4433	995	4483
scanmut_insertleft_TTAGC_pos_76	1858	3346	969	3295	7727	10346	4427	4376	2689	3442	1469	2854	916
scanmut_insertleft_TTAGC_pos_77	3389	905	4046	1861	5359	1594	4518	1599	2669	1407	5250	3967	2952
scanmut_insertleft_TTAGC_pos_78	1535	5843	1414	4211	3442	9744	3936	5448	1379	10427	2949	6902	3570
scanmut_insertleft_TTAGC_pos_79	10022	897	7923	2480	3996	1348	5096	3028	10224	2914	6512	2371	7338
scanmut_insertleft_TTAGC_pos_80	3971	21265	2869	6188	1448	6086	3213	7415	3545	10583	1934	7535	1670
scanmut_insertleft_TTAGC_pos_81	2363	696	2802	2190	2285	1245	4917	1502	2455	398	2720	600	2592
scanmut_insertleft_TTAGC_pos_82	709	4785	2499	6171	1392	2497	1413	1573	1826	4216	1068	9118	1595
scanmut_insertleft_CTGCA_pos_0	4436	2174	6451	1028	10893	958	5976	1861	6944	3501	5923	1188	5204
scanmut_insertleft_CTGCA_pos_1	3674	13600	2313	9377	5728	11169	5212	6705	4105	15180	5812	5914	7988
scanmut_insertleft_CTGCA_pos_2	18990	3245	9512	18156	51719	17412	15875	15116	14144	6937	20150	6431	4436
scanmut_insertleft_CTGCA_pos_3	3536	12596	10904	13559	7820	9320	2691	10099	7075	11120	5441	5541	6624
scanmut_insertleft_CTGCA_pos_4	11603	8686	14543	18230	4303	9249	16863	5047	18387	24051	3668	5982	43067
scanmut_insertleft_CTGCA_pos_5	5272	5203	17542	10896	16362	13559	9068	11463	13707	4344	24086	23446	4732
scanmut_insertleft_CTGCA_pos_6	16934	10043	11674	10378	22945	6180	20045	4200	45968	31256	7836	20776	31174
scanmut_insertleft_CTGCA_pos_7	50935	11878	9041	17585	11512	45421	4178	17905	6072	10813	6942	43049	10213
scanmut_insertleft_CTGCA_pos_8	10525	4013	13812	11312	22716	37816	11483	4158	27618	4689	16048	6101	7052
scanmut_insertleft_CTGCA_pos_9	10639	13443	4914	8247	3494	10237	10544	16803	17769	10623	8214	6462	12196
scanmut_insertleft_CTGCA_pos_10	19540	4117	10457	3002	12373	2800	9262	4079	23067	2569	15252	4037	7300
scanmut_insertleft_CTGCA_pos_11	1039	4563	3856	12924	420	5087	945	7113	1136	10690	4016	6237	1023
scanmut_insertleft_CTGCA_pos_12	14023	11340	34786	21184	18778	5040	27367	4189	14386	10017	26253	15968	18693
scanmut_insertleft_CTGCA_pos_13	2747	6943	1077	10099	4053	7070	2000	6999	2292	22116	2793	9618	5134
scanmut_insertleft_CTGCA_pos_14	11529	802	11997	1183	6382	3981	3350	2308	6820	823	8558	2526	14621
scanmut_insertleft_CTGCA_pos_15	9513	14294	11052	16236	22119	19958	3495	18824	19686	20712	36901	11862	34847
scanmut_insertleft_CTGCA_pos_16	18524	30774	46998	15949	32575	15182	13566	55947	25335	22135	9936	5633	42864
scanmut_insertleft_CTGCA_pos_17	2028	5585	1501	5585	1739	6542	969	10139	5188	5900	1076	4424	2279
scanmut_insertleft_CTGCA_pos_18	12512	22817	11831	3837	13578	7071	9035	17953	37281	27303	12883	13631	24279
scanmut_insertleft_CTGCA_pos_19	22977	46974	14358	10212	14812	15287	5587	17416	17990	12973	10034	15864	7255
scanmut_insertleft_CTGCA_pos_20	11364	9722	15542	24595	51871	16060	12914	15580	19239	21493	8453	8693	37488
scanmut_insertleft_CTGCA_pos_21	8319	10095	23271	11664	22177	11402	14442	15314	2152	10715	19460	8585	4899
scanmut_insertleft_CTGCA_pos_22	7498	3020	6747	2903	711	4990	9084	1739	6170	4457	15471	3396	5726
scanmut_insertleft_CTGCA_pos_23	2779	6333	3174	10687	2245	3693	5096	4681	5316	8061	1289	8895	2053
scanmut_insertleft_CTGCA_pos_24	4676	468	3957	1981	5307	4112	6705	1834	8900	3207	2024	3293	7146
scanmut_insertleft_CTGCA_pos_25	1445	4941	1182	4835	3532	5615	4641	3883	1673	2879	4092	10178	428
scanmut_insertleft_CTGCA_pos_26	4622	1344	6841	2791	7855	666	4712	706	7436	340	4037	3158	4614
scanmut_insertleft_CTGCA_pos_27	2801	4894	791	5502	924	5595	469	7092	278	5860	3162	6024	774
scanmut_insertleft_CTGCA_pos_28	4177	2499	1666	1480	492	1907	7650	1571	3842	1727	12577	1124	4055
scanmut_insertleft_CTGCA_pos_29	1669	5800	2987	3177	1861	12838	1426	7063	2674	3857	2453	4703	724
scanmut_insertleft_CTGCA_pos_30	2495	4204	7722	4014	5560	2667	9056	1864	3919	3625	6328	3704	3883
scanmut_insertleft_CTGCA_pos_31	1853	10391	1872	3614	3829	11139	817	7583	2443	3515	1190	4243	1975
scanmut_insertleft_CTGCA_pos_32	6879	3984	4201	5913	7875	7003	10309	294	6437	2590	12714	5240	13481
scanmut_insertleft_CTGCA_pos_33	37	6989	1144	4572	1480	5234	747	4311	590	4502	1434	5497	976
scanmut_insertleft_CTGCA_pos_34	5169	5005	6816	7309	9734	2844	7026	3433	4248	6424	5152	2743	11077
scanmut_insertleft_CTGCA_pos_35	2804	5488	688	3510	1700	4932	4382	4425	3953	7860	678	2928	1911
scanmut_insertleft_CTGCA_pos_36	6945	1155	2769	1156	4706	1131	8861	1668	3333	2411	5424	5077	1954
scanmut_insertleft_CTGCA_pos_37	2410	6460	1691	4922	3935	6056	1207	6554	1663	4323	1611	2476	5633
scanmut_insertleft_CTGCA_pos_38	3195	906	3932	2373	5251	530	6405	4248	7304	1017	4709	4488	4917
scanmut_insertleft_CTGCA_pos_39	1710	6416	1429	0	613	1462	2383	5840	537	4231	1747	9717	1061
scanmut_insertleft_CTGCA_pos_40	4506	1975	8192	2203	5040	943	5430	2741	2845	686	4595	1350	5104
scanmut_insertleft_CTGCA_pos_41	693	5872	2534	4015	3797	4356	994	11767	1872	7293	10092	6335	1143
scanmut_insertleft_CTGCA_pos_42	5429	3567	3954	240	4491	1605	4255	3344	3458	2544	3835	775	4615
scanmut_insertleft_CTGCA_pos_43	1474	13547	1069	10529	1367	7658	1617	9153	4607	810	998	7743	1639
scanmut_insertleft_CTGCA_pos_44	4461	1031	5135	4779	3574	2842	1	1454	2487	2647	1194	1357	2840
scanmut_insertleft_CTGCA_pos_45	1228	4632	2119	4916	1094	5247	1403	2309	1199	4332	3140	4393	1055
scanmut_insertleft_CTGCA_pos_46	2296	1073	18	1037	8668	924	3776	651	6751	986	2977	1050	8016
scanmut_insertleft_CTGCA_pos_47	2430	4580	497	2107	2704	4890	1093	2964	1284	3203	558	6992	1202
scanmut_insertleft_CTGCA_pos_48	4023	601	4889	885	10136	1238	10270	2168	6445	2413	8930	2641	12724
scanmut_insertleft_CTGCA_pos_49	941	2181	895	8513	1692	4000	1046	4056	812	3469	4334	8408	1412
scanmut_insertleft_CTGCA_pos_50	5217	1002	3621	1791	7008	503	4352	1879	4772	580	3702	1371	5357
scanmut_insertleft_CTGCA_pos_51	1301	1867	3693	6276	1540	4414	581	3310	1071	4372	2531	3521	1623
scanmut_insertleft_CTGCA_pos_52	3433	565	4246	711	8257	1216	5310	546	4427	651	3560	831	5156
scanmut_insertleft_CTGCA_pos_53	1218	3459	1284	4062	516	5043	4731	3469	340	2072	2008	3181	679
scanmut_insertleft_CTGCA_pos_54	6515	836	4759	2390	7526	89	5657	654	4930	1877	4102	776	2798
scanmut_insertleft_CTGCA_pos_55	1065	3205	3918	2488	976	5121	1035	3786	1537	6693	405	4806	2634
scanmut_insertleft_CTGCA_pos_56	2888	1280	12577	433	3930	3750	5292	1351	3912	1556	11717	2332	5150
scanmut_insertleft_CTGCA_pos_57	1441	1958	1757	4658	791	2281	1562	2975	1017	2872	1518	3136	1138
scanmut_insertleft_CTGCA_pos_58	2935	2039	7955	2825	8073	1805	2079	1322	589	637	3347	335	4551
scanmut_insertleft_CTGCA_pos_59	515	5067	1178	2201	242	1105	549	3928	3198	5295	129	2465	1086
scanmut_insertleft_CTGCA_pos_60	6067	492	5488	208	4785	1831	985	3436	2659	958	3640	453	1244
scanmut_insertleft_CTGCA_pos_61	293	1123	170	3367	1079	2909	299	2521	795	3844	242	3169	1672
scanmut_insertleft_CTGCA_pos_62	2268	2899	2628	2175	4845	1187	2645	1083	6968	234	3488	1231	4517
scanmut_insertleft_CTGCA_pos_63	1417	1703	1401	2188	621	3193	1231	7998	946	4711	817	3683	2702
scanmut_insertleft_CTGCA_pos_64	1629	682	2386	210	2889	1389	3468	550	1939	515	2300	1577	2328
scanmut_insertleft_CTGCA_pos_65	464	907	1187	3485	188	1597	531	1832	217	2083	1297	2614	397
scanmut_insertleft_CTGCA_pos_66	2203	521	1849	689	1904	298	295	212	2261	1795	2824	403	1796
scanmut_insertleft_CTGCA_pos_67	978	4007	629	3187	960	1771	450	2059	386	2692	460	2127	483
scanmut_insertleft_CTGCA_pos_68	2523	259	2290	313	3834	1539	3647	197	489	540	3163	1240	2386
scanmut_insertleft_CTGCA_pos_69	903	3712	133	2670	374	1965	882	2901	333	1683	326	1773	721
scanmut_insertleft_CTGCA_pos_70	2525	669	5443	229	4752	191	2001	1433	2143	943	9700	2487	2581
scanmut_insertleft_CTGCA_pos_71	1546	1446	1172	1545	501	1729	2224	3064	505	2021	1953	1471	144
scanmut_insertleft_CTGCA_pos_72	3626	1276	2501	1504	2601	301	2988	1209	1877	489	3646	746	4256
scanmut_insertleft_CTGCA_pos_73	1181	7602	2006	5554	388	4533	623	3074	1491	2039	1129	1859	719
scanmut_insertleft_CTGCA_pos_74	8351	1047	6121	766	888	866	2737	3364	1419	1170	1861	211	2689
scanmut_insertleft_CTGCA_pos_75	1940	2841	712	10575	739	6172	1262	4242	970	1859	3501	3771	1193
scanmut_insertleft_CTGCA_pos_76	2036	1732	5962	776	3912	1390	7570	1035	2709	371	4343	220	2781
scanmut_insertleft_CTGCA_pos_77	1683	2071	636	2740	1012	9819	3785	3678	2158	4086	2358	4660	544
scanmut_insertleft_CTGCA_pos_78	12974	419	6554	3393	3355	5350	4721	1006	4490	2531	7545	891	2703
scanmut_insertleft_CTGCA_pos_79	2779	5508	926	9138	1375	3149	3409	1334	1217	12850	1992	2340	9189
scanmut_insertleft_CTGCA_pos_80	2367	2310	5186	4223	7398	3883	3119	884	4292	615	3421	3557	7252
scanmut_insertleft_CTGCA_pos_81	1266	5784	5213	5463	1558	2334	2721	1391	1803	5724	1195	3281	3807
scanmut_insertleft_CTGCA_pos_82	527	7	1574	6	1058	1185	1693	698	2115	174	2206	101	191
scanmut_insertleft_TTAGCCTGCA_pos_0	2981	5814	3786	7118	14536	14510	10164	19941	4831	2978	8805	9893	4314
scanmut_insertleft_TTAGCCTGCA_pos_1	11492	16466	49231	17636	16037	17379	20533	9016	10346	6451	12734	15207	5215
scanmut_insertleft_TTAGCCTGCA_pos_2	43035	9135	6203	47715	5171	17818	9999	40754	14756	17708	10443	25975	8352
scanmut_insertleft_TTAGCCTGCA_pos_3	12834	17230	20145	21662	9077	15058	13795	2256	10512	17489	19701	12398	37666
scanmut_insertleft_TTAGCCTGCA_pos_4	14351	18675	85977	17049	11958	20465	12528	18438	14789	27223	17121	44186	24661
scanmut_insertleft_TTAGCCTGCA_pos_5	9139	10304	14996	12562	11994	4482	14020	3840	7975	7278	5266	10800	6864
scanmut_insertleft_TTAGCCTGCA_pos_6	16256	15474	36559	10977	15707	37648	9952	14715	28901	14090	15954	16888	27290
scanmut_insertleft_TTAGCCTGCA_pos_7	24974	29174	6853	39166	9136	15439	18886	31371	4848	17101	18191	11090	19017
scanmut_insertleft_TTAGCCTGCA_pos_8	6111	72330	20001	33652	8249	8265	16901	14282	19578	9698	25696	35432	19462
scanmut_insertleft_TTAGCCTGCA_pos_9	16590	19029	11497	20523	20260	14704	14889	33764	9190	34647	18947	15016	18357
scanmut_insertleft_TTAGCCTGCA_pos_10	23086	10176	17870	88003	10964	26749	52424	18699	34526	13769	40667	16373	23782
scanmut_insertleft_TTAGCCTGCA_pos_11	12227	25962	27436	14227	51604	15455	24115	15342	27976	22613	20099	46167	17875
scanmut_insertleft_TTAGCCTGCA_pos_12	14576	26566	12890	20939	16720	62066	20149	48463	17551	21776	13567	24625	15569
scanmut_insertleft_TTAGCCTGCA_pos_13	19167	22404	14952	19314	15548	11275	59028	5000	17863	23386	23501	28519	19583
scanmut_insertleft_TTAGCCTGCA_pos_14	16927	64146	31602	20563	27768	18195	45951	23610	72175	23087	19596	14390	21009
scanmut_insertleft_TTAGCCTGCA_pos_15	25018	16233	21491	24591	10249	16056	16018	12383	42699	21633	54181	34463	19678
scanmut_insertleft_TTAGCCTGCA_pos_16	19998	11583	14985	35179	9416	19803	13691	44254	50645	25731	18311	16884	22131
scanmut_insertleft_TTAGCCTGCA_pos_17	4646	0	6838	1231	2982	1584	4490	1020	3694	1627	6048	1170	2588
scanmut_insertleft_TTAGCCTGCA_pos_18	5979	8805	4672	13306	4189	15230	10678	23022	5101	11508	8340	12197	11916
scanmut_insertleft_TTAGCCTGCA_pos_19	24550	5543	6886	7406	10523	10754	9712	9372	21145	8262	16318	9919	5248
scanmut_insertleft_TTAGCCTGCA_pos_20	3183	7259	1524	3438	2549	8573	1969	3430	4162	16076	2897	23277	3088
scanmut_insertleft_TTAGCCTGCA_pos_21	10671	6356	3138	521	6551	3836	6584	3138	12081	7080	7235	4829	6816
scanmut_insertleft_TTAGCCTGCA_pos_22	3848	14993	2130	5234	2269	4538	1599	11298	2748	4477	1146	6931	5407
scanmut_insertleft_TTAGCCTGCA_pos_23	7315	5122	6788	2711	11057	5191	4191	4063	10435	9363	5384	4461	9429
scanmut_insertleft_TTAGCCTGCA_pos_24	3762	9034	5403	19766	12750	11824	4610	22922	4594	15393	12533	7160	5639
scanmut_insertleft_TTAGCCTGCA_pos_25	8473	3634	7939	592	7965	8737	9739	5079	5561	14889	6243	2508	4440
scanmut_insertleft_TTAGCCTGCA_pos_26	4610	4546	9146	4854	4869	8222	9893	6557	8971	15564	6167	4944	11272
scanmut_insertleft_TTAGCCTGCA_pos_27	10283	5878	5483	4629	6476	5087	15571	9010	5187	7326	12989	3706	11514
scanmut_insertleft_TTAGCCTGCA_pos_28	4658	3701	1546	13730	9343	9597	6946	5772	3225	9932	2028	2474	1917
scanmut_insertleft_TTAGCCTGCA_pos_29	7670	5240	5405	2780	3573	4284	5019	5819	8078	1	12837	5700	4890
scanmut_insertleft_TTAGCCTGCA_pos_30	2339	4155	7605	6737	3736	7041	3331	6520	3336	4621	3779	3664	7522
scanmut_insertleft_TTAGCCTGCA_pos_31	11435	1428	6075	4880	2403	5807	4629	4454	4215	4214	17386	3049	5119
scanmut_insertleft_TTAGCCTGCA_pos_32	12985	8361	5683	6617	8785	8462	5693	7349	8515	11504	7011	8863	9552
scanmut_insertleft_TTAGCCTGCA_pos_33	9136	6599	22528	5888	4406	8230	7508	5138	6069	8332	13764	1935	6493
scanmut_insertleft_TTAGCCTGCA_pos_34	6182	5882	3494	9179	5098	7748	4852	14152	3012	6850	2626	4389	14123
scanmut_insertleft_TTAGCCTGCA_pos_35	5252	1334	5605	6316	6698	18827	4736	3987	5531	1555	20837	2194	5144
scanmut_insertleft_TTAGCCTGCA_pos_36	18798	6915	4751	9044	1517	21786	4701	7576	3539	7753	4510	7874	4454
scanmut_insertleft_TTAGCCTGCA_pos_37	7584	4161	6506	9862	8175	2964	8465	12510	4625	4895	7429	3953	4382
scanmut_insertleft_TTAGCCTGCA_pos_38	5542	22553	7949	5690	1381	5652	2744	5984	5503	5824	4100	4891	4937
scanmut_insertleft_TTAGCCTGCA_pos_39	5311	3406	14970	4421	7329	6540	6054	2915	7158	3042	10397	2405	4932
scanmut_insertleft_TTAGCCTGCA_pos_40	2992	3135	9842	20407	1510	8387	3133	6710	3283	13188	1944	7733	2437
scanmut_insertleft_TTAGCCTGCA_pos_41	1755	2462	2369	3914	12045	1375	1912	2154	2033	2087	16359	1486	6052
scanmut_insertleft_TTAGCCTGCA_pos_42	2590	4307	8163	5453	11802	4870	1315	3940	6397	6509	2263	6646	8997
scanmut_insertleft_TTAGCCTGCA_pos_43	6328	4689	7995	3288	9801	3918	7758	3708	10974	2234	5548	6488	7744
scanmut_insertleft_TTAGCCTGCA_pos_44	18642	8993	1889	3377	8319	9146	10021	9000	4932	6741	5248	7891	6599
scanmut_insertleft_TTAGCCTGCA_pos_45	5923	16043	7471	7937	20422	1800	13892	8276	6357	3287	8314	22586	3550
scanmut_insertleft_TTAGCCTGCA_pos_46	5238	8661	3371	5563	4535	7655	1665	9378	6287	9790	1406	4653	5294
scanmut_insertleft_TTAGCCTGCA_pos_47	4467	3703	4302	6732	14213	2428	12502	3040	14801	5463	4535	5540	26348
scanmut_insertleft_TTAGCCTGCA_pos_48	1136	12307	9317	4467	5860	7889	6207	6061	3407	5559	9747	5801	8746
scanmut_insertleft_TTAGCCTGCA_pos_49	6129	6460	5788	11265	4348	6684	6333	6495	10251	6076	8672	4048	10659
scanmut_insertleft_TTAGCCTGCA_pos_50	3493	6771	15729	5404	4910	12712	2692	6239	14547	7334	19978	8279	5832
scanmut_insertleft_TTAGCCTGCA_pos_51	2852	914	3815	210	1464	442	11007	170	4704	628	2479	1745	1820
scanmut_insertleft_TTAGCCTGCA_pos_52	11227	14401	9120	3968	4183	5526	6993	3540	7294	5113	3465	2734	3611
scanmut_insertleft_TTAGCCTGCA_pos_53	6106	1876	5995	10313	8809	12844	2460	11837	3613	2379	3898	4211	4477
scanmut_insertleft_TTAGCCTGCA_pos_54	11111	4974	5177	16046	17337	22356	5647	19652	6630	2996	4525	5880	5262
scanmut_insertleft_TTAGCCTGCA_pos_55	3495	3157	12036	5228	526	7634	6476	2156	4836	3415	4625	4347	3276
scanmut_insertleft_TTAGCCTGCA_pos_56	6808	2973	3604	4795	6265	21317	5543	5379	2103	4201	2717	13069	3812
scanmut_insertleft_TTAGCCTGCA_pos_57	6767	19265	17442	5446	5947	1934	9126	13297	7372	15204	10666	4912	6214
scanmut_insertleft_TTAGCCTGCA_pos_58	2655	11541	3687	4440	11719	6337	1728	5355	10070	5192	3859	6850	1736
scanmut_insertleft_TTAGCCTGCA_pos_59	9377	1283	7484	1381	985	2480	3151	3476	2318	0	2496	2267	1976
scanmut_insertleft_TTAGCCTGCA_pos_60	1586	2913	2378	6550	1480	2051	1248	2308	975	1546	1934	1749	2229
scanmut_insertleft_TTAGCCTGCA_pos_61	4363	2978	12970	3521	3212	3065	8851	1572	3057	6688	10289	1343	1836
scanmut_insertleft_TTAGCCTGCA_pos_62	3633	2372	3076	2709	1685	3590	1780	2720	401	2928	8026	4148	1927
scanmut_insertleft_TTAGCCTGCA_pos_63	672	1401	4894	1286	3507	699	2304	1585	2421	599	1755	2960	770
scanmut_insertleft_TTAGCCTGCA_pos_64	1932	3747	1	2370	924	2296	2269	2174	7792	4637	2416	1376	926
scanmut_insertleft_TTAGCCTGCA_pos_65	5734	1932	3401	2088	2984	1425	4027	1563	3892	963	1454	1223	3215
scanmut_insertleft_TTAGCCTGCA_pos_66	4706	3099	4029	3008	2904	4904	2984	3376	1694	2668	3211	3395	2831
scanmut_insertleft_TTAGCCTGCA_pos_67	3925	2432	1882	2228	2596	2489	2092	2776	2928	968	3657	1030	2840
scanmut_insertleft_TTAGCCTGCA_pos_68	2042	3939	10673	12637	6047	9121	4142	3492	8220	2976	3748	5461	7894
scanmut_insertleft_TTAGCCTGCA_pos_69	2129	1001	2654	5498	1769	2727	2411	3011	5087	2824	7517	7144	3260
scanmut_insertleft_TTAGCCTGCA_pos_70	1235	2555	2200	2232	1289	3187	2062	1932	2691	6167	4580	0	2060
scanmut_insertleft_TTAGCCTGCA_pos_71	3057	1137	2163	3511	7007	6476	5116	6973	6328	3011	3002	2823	2760
scanmut_insertleft_TTAGCCTGCA_pos_72	10592	2883	3563	10632	6612	3021	4581	3050	1841	5309	3342	3083	4391
scanmut_insertleft_TTAGCCTGCA_pos_73	7678	5315	5808	3128	4649	6014	3162	4242	6166	6416	4564	1352	2231
scanmut_insertleft_TTAGCCTGCA_pos_74	5106	3373	3030	3166	3325	15811	3094	1140	18189	4250	10819	2920	5187
scanmut_insertleft_TTAGCCTGCA_pos_75	7626	6897	2328	2113	6905	3009	9494	4533	1299	7733	11546	12725	15573
scanmut_insertleft_TTAGCCTGCA_pos_76	8705	6299	13468	8437	9505	7609	2177	6638	6359	22236	3561	4109	18737
scanmut_insertleft_TTAGCCTGCA_pos_77	5007	1313	5912	1014	1819	4253	1351	1851	1495	1774	5338	496	1334
scanmut_insertleft_CTGCATTAGC_pos_0	5714	4263	7889	7247	3660	8553	2704	5152	4292	5045	1427	6116	1982
scanmut_insertleft_CTGCATTAGC_pos_1	15150	9618	16207	18514	5496	11218	14171	16250	10573	10646	13604	8006	12687
scanmut_insertleft_CTGCATTAGC_pos_2	5769	9770	8150	10126	5510	11312	18414	10385	12170	17571	3563	6827	8553
scanmut_insertleft_CTGCATTAGC_pos_3	5768	1318	8469	3138	4987	4332	7293	2279	15277	4343	4991	1654	7837
scanmut_insertleft_CTGCATTAGC_pos_4	19189	14783	12753	28543	19781	14603	5344	10490	15402	11720	5608	12371	21647
scanmut_insertleft_CTGCATTAGC_pos_5	21545	15283	33823	12747	5207	8698	47566	27354	12373	24601	20954	11154	12982
scanmut_insertleft_CTGCATTAGC_pos_6	3678	7920	1192	15068	895	92	3200	3832	1226	7993	6650	9161	2244
scanmut_insertleft_CTGCATTAGC_pos_7	32859	31354	51611	13849	13311	9239	22737	32365	18189	21632	9797	15790	19835
scanmut_insertleft_CTGCATTAGC_pos_8	21162	15423	7943	19593	13368	13056	1022	42069	27805	51507	12207	13964	7313
scanmut_insertleft_CTGCATTAGC_pos_9	8377	11538	19054	36207	18955	4737	47381	6944	19583	15557	25856	33545	20784
scanmut_insertleft_CTGCATTAGC_pos_10	13137	61829	17090	30320	28497	19721	21805	67446	41578	15536	20667	21360	32963
scanmut_insertleft_CTGCATTAGC_pos_11	11836	36845	60322	16865	81761	12968	22222	11889	31686	11250	30443	18449	20706
scanmut_insertleft_CTGCATTAGC_pos_12	20683	24847	12942	25527	19550	18351	62643	35238	39027	53178	16818	39683	14059
scanmut_insertleft_CTGCATTAGC_pos_13	15358	13022	25913	9471	5009	27478	14246	10438	35361	23605	49271	23685	16775
scanmut_insertleft_CTGCATTAGC_pos_14	22861	15770	43126	14728	15352	8854	9061	19969	7719	17084	20679	20706	14271
scanmut_insertleft_CTGCATTAGC_pos_15	46778	9800	59335	29487	35197	9513	16700	43498	14903	23424	16064	47915	28103
scanmut_insertleft_CTGCATTAGC_pos_16	11247	33650	797	29360	15863	29684	27242	45878	17079	17323	14314	10398	30023
scanmut_insertleft_CTGCATTAGC_pos_17	18005	9215	9599	9742	27005	5746	9533	13988	21379	9510	3743	6631	10488
scanmut_insertleft_CTGCATTAGC_pos_18	3234	4704	6218	7254	1121	7328	13328	15036	8897	4257	1838	10774	1974
scanmut_insertleft_CTGCATTAGC_pos_19	9124	3971	2947	4029	10621	3402	4925	2282	6144	9563	4321	3514	13783
scanmut_insertleft_CTGCATTAGC_pos_20	2831	6864	11432	5465	5825	12475	14434	9062	6413	9169	5618	4506	3209
scanmut_insertleft_CTGCATTAGC_pos_21	6549	13694	9479	3450	14105	3368	5971	2531	6503	4504	7472	4382	5340
scanmut_insertleft_CTGCATTAGC_pos_22	3931	6850	3276	3511	3332	6313	17134	5025	10986	2554	3805	5122	10683
scanmut_insertleft_CTGCATTAGC_pos_23	5846	3573	12020	6398	7579	5125	7775	7025	5342	6397	17269	4118	7854
scanmut_insertleft_CTGCATTAGC_pos_24	1908	5539	1686	5213	6285	4474	5328	4587	1167	3913	1775	3794	4464
scanmut_insertleft_CTGCATTAGC_pos_25	5724	13616	11617	6444	5267	3337	6614	4559	1788	8110	14028	12485	14989
scanmut_insertleft_CTGCATTAGC_pos_26	6274	8279	3720	5724	5620	3839	4153	3011	7152	4899	3780	12101	6197
scanmut_insertleft_CTGCATTAGC_pos_27	6832	5687	5332	2534	4446	6448	5322	3569	9698	1535	13670	8582	4543
scanmut_insertleft_CTGCATTAGC_pos_28	3499	10328	12704	24773	6834	5208	9223	12177	9895	11730	6612	14202	7821
scanmut_insertleft_CTGCATTAGC_pos_29	8218	4141	26244	4784	9275	8512	16057	2291	8262	14169	8135	3842	12733
scanmut_insertleft_CTGCATTAGC_pos_30	2798	3830	1954	4911	9005	6192	3608	6312	11852	4643	6639	8510	1530
scanmut_insertleft_CTGCATTAGC_pos_31	17540	5699	5767	5447	4669	6965	5146	4859	3291	6630	6940	4691	5229
scanmut_insertleft_CTGCATTAGC_pos_32	3727	8793	249	8044	2287	15804	2980	3874	2472	11998	3182	6158	4444
scanmut_insertleft_CTGCATTAGC_pos_33	7521	3811	16823	4742	5309	6387	5858	8641	5441	6959	8247	5113	4707
scanmut_insertleft_CTGCATTAGC_pos_34	1473	4852	2766	3647	3017	5773	2394	4588	3881	4916	5591	7921	1553
scanmut_insertleft_CTGCATTAGC_pos_35	5609	4278	4882	1682	5157	2477	4215	1695	3431	1729	7571	1166	5373
scanmut_insertleft_CTGCATTAGC_pos_36	1316	3528	2803	4929	2867	3505	7212	2938	10678	3667	11316	7145	1319
scanmut_insertleft_CTGCATTAGC_pos_37	12975	10171	6523	6813	17382	2975	9976	4016	9840	4499	9676	0	6248
scanmut_insertleft_CTGCATTAGC_pos_38	3974	5251	4884	5340	3850	12847	4401	5847	1191	5764	4737	12092	2168
scanmut_insertleft_CTGCATTAGC_pos_39	2709	1531	4880	2467	5429	2606	11562	1568	5284	4144	4573	3782	4250
scanmut_insertleft_CTGCATTAGC_pos_40	9097	6638	895	3390	151	3922	1215	6188	1669	3360	3860	10484	3339
scanmut_insertleft_CTGCATTAGC_pos_41	3601	6900	16603	6080	3506	9282	6962	5466	8046	2549	5550	3674	6166
scanmut_insertleft_CTGCATTAGC_pos_42	2642	8430	3420	7308	1924	6857	6660	5011	2790	3963	4680	3837	8037
scanmut_insertleft_CTGCATTAGC_pos_43	6768	6582	19520	3610	4009	10804	10340	5804	6656	8943	2557	7017	8481
scanmut_insertleft_CTGCATTAGC_pos_44	5638	9308	10131	7443	1222	12128	4446	7618	2765	4760	8408	7163	5106
scanmut_insertleft_CTGCATTAGC_pos_45	3506	14984	7008	6501	8382	17414	5767	10910	6305	4358	13016	9043	10200
scanmut_insertleft_CTGCATTAGC_pos_46	3098	9669	3649	4827	4218	18493	7646	6645	20076	2875	16784	4009	4120
scanmut_insertleft_CTGCATTAGC_pos_47	5304	2220	4412	2662	6061	4178	4563	5244	8347	5399	14521	3802	5837
scanmut_insertleft_CTGCATTAGC_pos_48	3435	6935	13565	6570	7899	13443	3461	4826	12258	8187	2055	20529	4024
scanmut_insertleft_CTGCATTAGC_pos_49	9674	5922	6998	6743	4482	3198	10227	4911	11846	6965	3584	11200	21142
scanmut_insertleft_CTGCATTAGC_pos_50	4208	8408	4934	7719	6918	6698	9729	8715	6074	9832	4755	4490	24373
scanmut_insertleft_CTGCATTAGC_pos_51	6846	6198	2866	3702	4486	6061	7743	3822	10857	12805	9799	15094	3621
scanmut_insertleft_CTGCATTAGC_pos_52	3217	91	3085	6317	3467	5273	5192	2146	4606	6601	5107	8790	6685
scanmut_insertleft_CTGCATTAGC_pos_53	4768	2959	16466	2322	3600	6800	5237	3438	3594	3984	3462	8644	7635
scanmut_insertleft_CTGCATTAGC_pos_54	1808	2217	4563	2816	2111	4344	3374	2906	2978	6961	3319	2218	3630
scanmut_insertleft_CTGCATTAGC_pos_55	3598	13318	9239	5335	9213	9648	4734	3399	4924	1378	5115	6464	4605
scanmut_insertleft_CTGCATTAGC_pos_56	4095	3472	2679	2497	2540	10713	3114	3992	6737	6590	1164	2762	8319
scanmut_insertleft_CTGCATTAGC_pos_57	20937	426	1935	7502	6727	6877	8268	6259	7475	6002	15561	21358	5499
scanmut_insertleft_CTGCATTAGC_pos_58	7504	12316	4747	6539	4828	3225	11132	7503	2750	4561	164	3400	1775
scanmut_insertleft_CTGCATTAGC_pos_59	3916	4942	16265	17597	4192	3995	6950	118	7573	9354	11237	3116	4086
scanmut_insertleft_CTGCATTAGC_pos_60	4641	2088	1283	2263	1405	7284	3053	3210	1078	5432	823	2300	2006
scanmut_insertleft_CTGCATTAGC_pos_61	4483	5705	2594	1702	2481	1605	8731	1361	8734	5203	1265	2534	6743
scanmut_insertleft_CTGCATTAGC_pos_62	2150	2338	949	2466	1846	3369	1347	1467	1400	5517	858	1996	647
scanmut_insertleft_CTGCATTAGC_pos_63	3307	3078	5546	5944	3079	1010	10616	2612	7908	2239	12094	3383	1897
scanmut_insertleft_CTGCATTAGC_pos_64	4436	2120	2565	1829	727	6769	1707	2115	1555	8581	992	4048	3698
scanmut_insertleft_CTGCATTAGC_pos_65	2566	2626	2391	4100	2086	3979	7454	4543	7486	3235	2066	14786	3753
scanmut_insertleft_CTGCATTAGC_pos_66	2150	2660	1608	3209	1483	1493	1139	1918	1161	2439	646	3412	1072
scanmut_insertleft_CTGCATTAGC_pos_67	1658	3517	2333	1461	1841	994	3267	1015	2759	3071	4156	1577	5169
scanmut_insertleft_CTGCATTAGC_pos_68	2765	2746	3597	3065	2668	3336	4256	3412	4476	2563	1165	6040	2197
scanmut_insertleft_CTGCATTAGC_pos_69	2020	1052	5076	2119	2063	924	4629	2423	2687	1287	1639	1402	3563
scanmut_insertleft_CTGCATTAGC_pos_70	16810	1968	1	5073	1466	3426	3533	3898	2928	5553	1628	3461	2231
scanmut_insertleft_CTGCATTAGC_pos_71	1977	3355	3606	4207	4956	2574	4384	5027	4031	4248	4260	8462	6698
scanmut_insertleft_CTGCATTAGC_pos_72	1488	1114	4149	10381	10211	5106	2796	2656	7550	5062	2788	5385	2902
scanmut_insertleft_CTGCATTAGC_pos_73	8269	10861	7901	7238	5818	14756	41605	9386	8983	4393	5967	11634	14073
scanmut_insertleft_CTGCATTAGC_pos_74	8173	10224	6239	6314	9924	17736	4864	6677	4232	10231	6137	4711	2164
scanmut_insertleft_CTGCATTAGC_pos_75	5812	5862	7473	12249	7430	10640	4326	27453	3580	10650	15907	2210	9020
scanmut_insertleft_CTGCATTAGC_pos_76	1362	3117	1350	4052	3079	2235	2611	1235	3116	10565	1426	2038	2808
scanmut_insertleft_CTGCATTAGC_pos_77	2371	1431	8641	1294	2750	1864	1069	2597	1841	1912	2711	1554	6327
scanmut_comp_8_pos_28_mod	3006	9392	1847	4377	1276	13444	6334	8218	3242	16430	5417	6105	5152
scanmut_comp_8_pos_29_mod	7011	18525	8941	11194	17824	3292	11933	17907	8398	8375	7714	3719	14151
scanmut_comp_8_pos_30_mod	16385	5764	2449	1196	3522	12775	4275	3531	2216	15973	2521	1445	4280